1.033154046372210429e-02
5.023877830642550779e-03
7.054712823082346512e-03
1.082372973044877854e-02
6.606864931736452368e-03
6.083636702243230485e-03
5.560408472750007734e-03
9.191967116436017618e-03
5.108126443866036100e-03
3.813358282747214296e-03
3.307866603406304541e-03
4.833209916505190086e-03
3.037384213583536885e-03
2.753599411146535024e-03
4.287810999321577284e-03
4.225733073788482883e-03
5.458423309374209852e-03
6.983766622473096264e-03
6.668942857269546769e-03
7.382839000900130212e-03
6.074768427167073770e-03
5.897402925643947282e-03
3.542875892924446640e-03
4.859814741733659363e-03
3.214749715106663373e-03
6.296475304070982097e-03
5.990519813943589317e-03
2.491985296399923649e-03
2.518590121628392492e-03
3.352207978787085946e-03
4.766697853434018195e-03
5.214545744779911472e-03
7.671057940875210214e-04
3.871002070742230339e-03
1.853469490916669245e-03
3.933079996275324307e-03
1.857903628454747385e-03
6.207792553309418419e-05
4.301113411935811488e-03
7.050278685544268372e-04
1.933283966602075991e-03
1.401187462032697393e-03
4.172523423331545196e-03
3.529573480310212435e-03
1.964322929368622975e-03
3.405417629244024066e-03
3.817792420285292219e-03
2.771335961298847586e-03
1.999796029673248533e-03
3.130501101883178053e-03
1.370148499266150193e-03
6.518182180974889340e-04
1.888942591221294586e-03
9.932468085295069471e-04
3.161540064649725253e-03
3.325603153558617320e-04
2.172727393658296664e-03
4.398664437773531014e-03
2.350092895181422718e-03
1.042022321448366710e-03
2.159424981044062025e-03
3.498534517543665234e-03
1.126270934671851597e-03
1.472133662641947859e-03
2.713692173303831542e-03
2.265844281957937831e-03
3.165974202187803611e-03
3.591651405843306402e-03
3.534007617848290358e-03
1.999796029673248533e-03
1.778089152769340639e-03
3.032950076045458961e-03
3.769016907366432457e-04
2.265844281957937831e-03
2.403302545638360405e-03
8.912616451537093898e-04
6.030427051786292798e-04
1.312504711271134149e-03
5.631354673359257983e-04
2.345658757643344795e-03
1.888942591221294586e-03
2.172727393658296664e-03
2.336790482567188080e-03
4.434137538078156246e-04
1.299202298656899728e-03
8.247495820825370650e-04
1.050890596524522991e-03
1.862337765992825526e-03
2.256976006881781550e-03
2.230371181653312707e-03
2.301317382262562956e-03
2.305751519800641313e-03
1.990927754597092252e-03
6.473840805594107935e-04
2.390000133024126200e-03
1.525343313098885762e-03
2.691521485613440623e-03
2.154990843505983668e-03
4.966234042647534735e-04
1.449962974951556939e-03
2.319053932414875518e-03
1.401187462032697393e-03
2.327922207491031799e-03
2.527458396704548773e-03
2.651614247770737141e-03
2.691521485613440623e-03
1.826864665688200402e-03
1.662801576779308552e-03
1.347977811575759490e-03
3.015213525893146399e-04
2.895491812365035954e-03
6.739889057878797451e-04
1.569684688479667167e-03
1.028719908834132288e-03
2.483117021323767368e-04
8.025788943921462540e-04
1.755918465078949720e-03
1.946586379216310629e-03
2.314619794876797594e-03
3.591651405843306294e-04
1.418924012185009955e-03
1.383450911880384614e-03
7.892764817779118324e-04
4.079406535031903378e-04
2.447643921019142244e-03
7.848423442398335835e-04
1.543079863251198324e-03
6.429499430213326530e-04
9.755102583771943850e-04
7.626716565494428808e-04
2.722560448379987823e-03
1.285899886042665306e-03
1.565250550941589026e-03
8.025788943921462540e-04
9.799443959152725255e-04
1.831298803226278542e-03
1.791391565383575061e-03
1.591855376170058086e-03
9.045640577679438113e-04
2.296883244724485032e-03
6.252133928690199825e-04
8.646568199252404382e-04
3.857699658127995809e-04
2.527458396704548773e-04
4.567161664220501004e-04
1.254860923276118105e-03
4.389796162697374299e-04
8.203154445444589245e-04
1.073061284214913693e-03
1.893376728759372726e-03
1.755918465078949720e-03
8.025788943921462540e-04
9.666419833010379955e-04
1.866771903530903666e-03
2.350092895181422610e-04
1.303636436194977868e-03
1.862337765992825526e-03
1.237124373123805543e-03
2.172727393658296664e-03
1.640630889088917686e-04
1.272597473428430884e-03
8.247495820825370650e-04
4.434137538078156246e-04
1.201651272819180202e-03
2.181595668734452945e-03
7.316326937828957887e-04
5.232282294932224251e-04
1.108534384519539034e-03
1.662801576779308552e-03
1.773655015231262498e-03
6.917254559401923072e-04
6.429499430213326530e-04
5.631354673359257983e-04
1.330241261423446928e-03
1.104100246981460894e-03
2.075176367820577138e-03
1.968757066906701332e-03
1.179480585128789500e-03
8.513544073110060166e-04
1.214953685433414841e-03
1.649499164165074130e-03
2.261410144419859528e-04
6.163451177928637014e-04
9.045640577679438113e-04
9.932468085295069471e-04
2.039703267515952014e-03
1.050890596524522991e-03
1.117402659595695315e-03
1.210519547895336700e-03
1.104100246981460894e-03
1.232690235585727403e-03
1.684972264469699254e-03
7.138961436305831182e-04
1.817996390612043904e-03
1.042022321448366710e-03
5.587013297978476577e-04
1.742616052464715298e-03
1.436660562337322517e-03
9.888126709914288066e-04
1.175046447590711359e-03
1.024285771296054148e-03
5.941744301024728904e-04
4.700185790362845220e-04
1.684972264469699254e-03
9.577737082248817145e-04
6.473840805594107935e-04
9.888126709914288066e-04
2.030834992439795299e-03
3.458627279700961536e-04
1.019851633757976007e-03
6.030427051786292798e-04
1.653933301703152271e-03
5.986085676405510309e-04
1.512040900484651340e-03
9.178664703821783413e-04
1.538645725713120183e-03
5.853061550263166093e-04
1.042022321448366710e-03
8.114471694683025350e-04
7.094620060925049777e-04
1.241558510661883684e-03
1.782523290307418780e-03
1.853469490916669245e-03
5.320965045693787062e-04
4.833209916505189978e-04
1.379016774342306474e-03
1.507606762946572983e-03
7.892764817779118324e-04
6.562523556355670746e-04
1.773655015231262498e-03
5.187940919551442846e-04
7.050278685544268372e-04
1.640630889088917849e-03
1.671669851855464833e-03
4.833209916505189978e-04
9.045640577679438113e-04
1.414489874646931815e-03
1.077495421752991834e-03
9.843785334533506660e-04
1.401187462032697393e-03
1.990927754597092252e-03
1.135139209748007878e-03
7.005937310163486966e-04
8.070130319302243945e-04
6.385158054832545125e-04
7.183302811686612587e-04
1.316938848809212290e-03
5.409647796455350956e-04
5.853061550263166093e-04
3.369944528939398725e-04
9.888126709914288066e-04
5.365306421074568467e-04
9.710761208391161360e-04
2.217068769039078055e-05
1.667235714317386692e-03
1.064193009138757412e-03
8.380519946967714866e-04
1.764786740155106217e-03
1.321372986347290430e-03
8.557885448490841571e-04
4.301113411935811488e-04
7.937106193159899729e-04
8.646568199252404382e-04
7.759740691636773024e-04
7.804082067017554429e-04
6.917254559401923072e-04
1.578552963555823665e-03
4.123747910412685325e-04
7.227644187067393993e-04
1.330241261423446901e-05
7.981447568540681135e-04
9.799443959152725255e-04
1.197217135281102062e-03
2.527458396704548773e-04
6.252133928690199825e-04
7.538033814732864914e-04
6.784230433259578856e-04
1.095231971905304613e-03
7.360668313209739293e-04
8.070130319302243945e-04
1.578552963555823665e-03
6.119109802547855609e-04
8.336178571586933461e-04
2.039703267515951689e-04
7.005937310163486966e-04
4.877551291885971925e-04
1.547514000789276464e-03
1.081929559291070191e-03
8.646568199252404382e-04
5.897402925643947498e-04
8.203154445444589245e-04
1.392319186956541112e-03
5.720037424120821877e-04
4.168089285793466730e-04
9.888126709914288066e-04
7.094620060925049777e-04
7.759740691636773024e-04
8.868275076156311544e-06
9.267347454583346224e-04
5.099258168789880035e-04
1.268163335890352744e-03
6.651206307117234640e-04
6.207792553309418419e-04
1.019851633757976007e-03
9.311688829964127629e-04
1.472133662641947859e-03
9.799443959152725255e-04
1.374582636804228333e-03
6.872913184021141667e-04
9.223006079202564819e-04
4.035065159651121973e-04
8.823933700775531087e-04
1.516475038022729481e-03
1.773655015231262444e-04
6.385158054832545125e-04
3.591651405843306294e-04
1.596289513708136281e-04
7.715399316255991619e-04
8.025788943921462540e-04
7.227644187067393993e-04
7.138961436305831182e-04
1.019851633757976007e-03
4.877551291885971925e-04
8.380519946967714866e-04
1.037588183910288569e-03
8.070130319302243945e-04
1.010983358681819509e-03
3.015213525893146399e-04
9.755102583771943850e-04
9.577737082248817145e-04
3.547310030462524617e-05
4.567161664220501004e-04
6.606864931736452151e-04
9.489054331487254334e-04
9.932468085295069471e-04
6.340816679451763719e-04
1.356846086651915771e-03
6.828571808640360261e-04
5.941744301024728904e-04
1.299202298656899728e-03
1.299202298656899728e-03
5.897402925643947498e-04
6.074768427167074204e-04
1.166178172514555078e-03
8.779592325394748598e-04
1.148441622362242516e-03
1.325807123885368571e-03
6.030427051786292798e-04
1.201651272819180202e-03
6.030427051786292798e-04
5.587013297978476577e-04
2.261410144419859528e-04
1.157309897438398797e-03
8.025788943921462540e-04
4.788868541124408572e-04
7.050278685544268372e-04
3.414285904320180131e-04
5.587013297978476577e-04
2.749165273608456883e-04
4.434137538078155772e-06
1.028719908834132288e-03
8.114471694683025350e-04
9.976809460675850876e-04
5.099258168789880035e-04
7.183302811686612587e-04
8.070130319302243945e-04
1.259295060814196246e-03
5.099258168789880035e-04
5.498330547216913767e-04
1.006549221143741369e-03
4.434137538078155772e-06
9.666419833010379955e-04
7.759740691636773024e-04
6.651206307117234640e-04
5.631354673359257983e-04
2.749165273608456883e-04
3.946382408889559162e-04
8.912616451537093898e-04
7.671057940875210214e-04
2.749165273608456883e-04
1.214953685433414841e-03
3.458627279700961536e-04
4.389796162697374299e-04
1.995361892135170284e-04
8.380519946967714866e-04
5.232282294932224251e-04
6.518182180974889340e-04
3.724675531985651052e-04
4.567161664220501004e-04
3.281261778177835373e-04
6.385158054832545125e-04
5.099258168789880035e-04
1.773655015231262444e-04
9.533395706868035739e-04
5.587013297978476577e-04
9.001299202298656708e-04
2.084044642896733365e-04
3.635992781224088241e-04
8.690909574633185787e-04
7.050278685544268372e-04
5.808720174882384688e-04
6.385158054832545125e-04
4.434137538078155772e-06
5.320965045693787062e-04
3.458627279700961536e-04
2.128386018277515042e-04
8.557885448490841571e-04
6.606864931736452151e-04
1.010983358681819509e-03
8.203154445444589245e-04
3.547310030462524888e-04
5.897402925643947498e-04
5.409647796455350956e-04
3.192579027416272562e-04
6.340816679451763719e-04
3.990723784270340567e-04
7.848423442398335835e-04
2.305751519800641205e-04
4.567161664220501004e-04
7.271985562448176482e-04
8.203154445444589245e-04
6.917254559401923072e-04
7.183302811686612587e-04
1.773655015231262444e-04
1.285899886042665360e-04
9.799443959152725255e-04
8.690909574633185787e-04
6.651206307117234640e-04
9.134323328441002008e-04
3.591651405843306294e-04
9.932468085295069471e-04
3.325603153558617320e-04
1.019851633757975844e-04
1.010983358681819509e-03
7.759740691636773024e-04
1.951020516754388607e-04
9.134323328441002008e-04
6.961595934782705561e-04
3.724675531985651052e-04
5.365306421074568467e-04
6.739889057878797451e-04
6.917254559401923072e-04
6.872913184021141667e-04
8.513544073110060166e-04
3.857699658127995809e-04
9.178664703821783413e-04
4.389796162697374299e-04
4.434137538078155772e-06
3.813358282747214404e-04
9.622078457629598550e-04
1.152875759900320657e-03
5.010575418028316141e-04
9.843785334533506660e-04
6.030427051786292798e-04
5.276623670313005656e-04
6.606864931736452151e-04
4.567161664220501004e-04
4.434137538078155772e-06
5.453989171836132362e-04
5.187940919551442846e-04
4.434137538078155772e-06
5.631354673359257983e-04
1.596289513708136281e-04
6.163451177928637014e-04
7.804082067017554429e-04
1.507606762946573200e-04
3.281261778177835373e-04
6.030427051786292798e-04
1.817996390612044121e-04
4.522820288839719057e-04
8.424861322348496271e-04
8.424861322348496271e-04
5.409647796455350956e-04
2.394434270562204286e-04
3.281261778177835373e-04
1.817996390612044121e-04
3.369944528939398725e-04
5.409647796455350956e-04
2.616141147466112126e-04
5.276623670313005656e-04
3.635992781224088241e-04
1.596289513708136281e-04
4.123747910412685325e-04
8.868275076156311544e-06
5.232282294932224251e-04
2.837848024370019694e-04
4.833209916505189978e-04
2.483117021323767368e-04
2.616141147466112126e-04
2.483117021323767368e-04
3.547310030462524888e-04
5.010575418028316141e-04
1.019851633757975844e-04
5.853061550263166093e-04
1.330241261423446901e-05
1.817996390612044121e-04
5.010575418028316141e-04
2.172727393658296447e-04
8.025788943921462540e-04
8.203154445444589245e-04
4.301113411935811488e-04
7.360668313209739293e-04
6.119109802547855609e-04
8.823933700775531087e-04
1.259295060814196246e-03
1.019851633757975844e-04
8.025788943921462540e-04
3.414285904320180131e-04
8.469202697729277677e-04
4.655844414982063815e-04
6.119109802547855609e-04
3.680334156604869646e-04
4.212430661174248136e-04
6.074768427167074204e-04
5.320965045693787062e-04
5.720037424120821877e-04
6.651206307117234640e-04
6.562523556355670746e-04
6.340816679451763719e-04
4.522820288839719057e-04
7.892764817779118324e-04
7.804082067017554429e-04
1.817996390612044121e-04
3.192579027416272562e-04
8.602226823871622977e-04
5.675696048740039388e-04
5.054916793409097546e-04
4.877551291885971518e-05
1.729313639850480768e-04
9.799443959152725255e-04
1.862337765992825526e-04
2.128386018277515042e-04
7.227644187067393993e-04
5.986085676405510309e-04
7.449351063971302103e-04
4.522820288839719057e-04
1.006549221143741369e-03
4.079406535031903378e-04
7.538033814732864914e-04
5.320965045693787062e-04
6.340816679451763719e-04
1.906679141373607202e-04
1.773655015231262309e-05
5.941744301024728904e-04
1.729313639850480768e-04
9.755102583771943037e-05
3.015213525893146399e-04
1.090797834367226472e-03
1.241558510661883684e-04
4.788868541124408572e-04
2.527458396704548773e-04
9.400371580725690440e-04
1.995361892135170284e-04
2.970872150512364452e-04
3.769016907366432457e-04
2.837848024370019694e-04
6.562523556355670746e-04
4.478478913458937651e-04
6.207792553309418419e-04
3.192579027416272562e-04
4.256772036555030083e-04
4.744527165743627167e-04
2.483117021323767368e-04
2.837848024370019694e-04
2.616141147466112126e-04
1.951020516754388607e-04
8.380519946967714866e-04
4.301113411935811488e-04
3.414285904320180131e-04
6.030427051786292798e-04
1.418924012185009847e-04
8.469202697729277677e-04
3.325603153558617320e-04
6.385158054832545125e-04
7.138961436305831182e-04
4.035065159651121973e-04
5.542671922597695172e-04
3.946382408889559162e-04
6.163451177928637014e-04
7.981447568540681135e-04
5.276623670313005656e-04
3.369944528939398725e-04
2.926530775131583047e-04
6.207792553309418419e-04
8.424861322348496813e-05
4.877551291885971518e-05
3.902041033508777215e-04
7.094620060925049777e-04
3.192579027416272562e-04
8.868275076156311544e-06
1.330241261423446901e-05
4.833209916505189978e-04
2.970872150512364452e-04
2.084044642896733365e-04
2.660482522846893802e-05
3.990723784270340703e-05
5.365306421074568467e-04
4.168089285793466730e-04
1.773655015231262444e-04
2.350092895181422610e-04
3.547310030462524888e-04
5.853061550263166093e-04
6.651206307117233827e-05
3.325603153558617320e-04
9.489054331487254334e-04
2.172727393658296447e-04
6.074768427167074204e-04
2.926530775131583047e-04
3.813358282747214404e-04
2.261410144419859528e-04
5.320965045693787604e-05
2.970872150512364452e-04
1.330241261423446901e-05
4.079406535031903378e-04
2.882189399750801641e-04
4.345454787316592894e-04
4.522820288839719057e-04
3.148237652035490615e-04
4.611503039601282409e-04
4.744527165743627167e-04
5.808720174882384688e-04
6.385158054832545125e-04
1.640630889088917686e-04
9.755102583771943037e-05
9.799443959152725255e-04
1.019851633757975844e-04
3.547310030462524888e-04
8.025788943921462540e-04
3.103896276654709210e-05
7.804082067017554429e-04
4.921892667266753330e-04
4.522820288839719057e-04
4.079406535031903378e-04
7.759740691636773024e-04
5.320965045693787604e-05
3.458627279700961536e-04
8.868275076156312221e-05
1.729313639850480768e-04
1.064193009138757521e-04
4.212430661174248136e-04
3.369944528939398725e-04
1.090797834367226472e-03
7.405009688590520698e-04
7.138961436305831182e-04
3.414285904320180131e-04
6.828571808640360261e-04
7.271985562448176482e-04
2.128386018277515042e-04
2.926530775131583047e-04
6.340816679451763719e-04
4.212430661174248136e-04
3.724675531985651052e-04
5.143599544170661441e-04
2.527458396704548773e-04
5.276623670313005656e-04
2.704823898227675478e-04
4.833209916505189978e-04
2.571799772085330720e-04
3.148237652035490615e-04
9.134323328441002008e-04
4.212430661174248136e-04
4.877551291885971925e-04
2.571799772085330720e-04
4.877551291885971518e-05
4.434137538078156246e-04
5.409647796455350956e-04
2.438775645942985962e-04
3.458627279700961536e-04
2.793506648989238289e-04
3.148237652035490615e-04
3.458627279700961536e-04
5.409647796455350956e-04
2.217068769039078123e-04
5.320965045693787604e-05
1.773655015231262444e-04
4.035065159651121973e-04
2.438775645942985962e-04
2.350092895181422610e-04
1.862337765992825526e-04
5.498330547216913767e-04
3.103896276654709210e-05
2.394434270562204286e-04
1.507606762946573200e-04
2.039703267515951689e-04
3.458627279700961536e-04
2.970872150512364452e-04
6.119109802547855609e-04
1.906679141373607202e-04
8.868275076156311544e-06
6.562523556355670746e-04
8.336178571586933461e-04
3.281261778177835373e-04
4.256772036555030083e-04
6.252133928690199825e-04
5.320965045693787604e-05
3.414285904320180131e-04
2.217068769039078055e-05
2.128386018277515042e-04
7.050278685544268372e-04
1.951020516754388607e-04
1.729313639850480768e-04
3.724675531985651052e-04
2.128386018277515042e-04
3.591651405843306294e-04
4.434137538078155772e-06
3.680334156604869646e-04
5.498330547216913767e-04
3.724675531985651052e-04
3.236920402797053968e-04
3.857699658127995809e-04
5.365306421074568467e-04
1.951020516754388607e-04
2.172727393658296447e-04
2.616141147466112126e-04
7.626716565494428808e-04
3.990723784270340703e-05
5.498330547216913767e-04
2.616141147466112126e-04
6.518182180974889340e-04
4.877551291885971925e-04
2.926530775131583047e-04
4.478478913458937651e-04
8.868275076156311544e-06
3.458627279700961536e-04
2.261410144419859528e-04
1.064193009138757521e-04
4.168089285793466730e-04
4.256772036555030083e-04
3.990723784270340567e-04
5.764378799501603012e-05
2.128386018277515042e-04
1.640630889088917686e-04
6.473840805594107935e-04
4.212430661174248136e-04
5.764378799501603012e-05
2.039703267515951689e-04
4.212430661174248136e-04
2.837848024370019694e-04
2.749165273608456883e-04
1.951020516754388607e-04
2.261410144419859528e-04
3.015213525893146399e-04
3.281261778177835373e-04
3.502968655081743483e-04
4.345454787316592894e-04
1.729313639850480768e-04
2.217068769039078055e-05
4.833209916505189978e-04
5.054916793409097546e-04
1.507606762946573200e-04
1.862337765992825526e-04
1.019851633757975844e-04
4.256772036555030083e-04
5.143599544170661441e-04
5.143599544170661441e-04
3.902041033508777215e-04
5.675696048740039388e-04
4.035065159651121973e-04
4.434137538078155772e-06
2.394434270562204286e-04
4.655844414982063815e-04
2.039703267515951689e-04
8.868275076156311544e-06
4.611503039601282409e-04
5.764378799501603283e-04
3.325603153558617320e-04
2.704823898227675478e-04
2.970872150512364452e-04
2.704823898227675478e-04
4.434137538078155772e-06
6.252133928690199825e-04
9.311688829964127629e-05
3.236920402797053968e-04
3.813358282747214404e-04
5.365306421074568467e-04
2.882189399750801641e-04
9.045640577679438113e-04
3.547310030462524617e-05
5.631354673359257983e-04
4.567161664220501004e-04
3.236920402797053968e-04
1.374582636804228442e-04
3.369944528939398725e-04
4.877551291885971518e-05
2.217068769039078123e-04
1.862337765992825526e-04
5.897402925643947498e-04
7.937106193159899729e-04
3.015213525893146399e-04
3.059554901273927804e-04
3.946382408889559162e-04
3.902041033508777215e-04
3.769016907366432457e-04
1.330241261423446765e-04
3.192579027416272562e-04
3.547310030462524888e-04
3.059554901273927804e-04
1.684972264469699363e-04
4.611503039601282409e-04
3.813358282747214404e-04
3.502968655081743483e-04
4.833209916505189978e-04
2.970872150512364452e-04
4.123747910412685325e-04
4.700185790362845220e-04
2.261410144419859528e-04
1.152875759900320602e-04
4.168089285793466730e-04
3.325603153558617320e-04
3.059554901273927804e-04
8.868275076156311544e-06
8.424861322348496813e-05
1.551948138327354605e-04
4.522820288839719057e-04
2.128386018277515042e-04
2.128386018277515042e-04
1.064193009138757521e-04
3.813358282747214404e-04
1.640630889088917686e-04
2.438775645942985962e-04
1.197217135281102143e-04
8.868275076156311544e-06
3.369944528939398725e-04
4.611503039601282409e-04
3.857699658127995809e-04
1.596289513708136281e-04
2.660482522846893531e-04
4.478478913458937651e-04
3.990723784270340567e-04
2.438775645942985962e-04
1.197217135281102143e-04
6.207792553309418419e-05
3.192579027416272562e-04
2.882189399750801641e-04
2.882189399750801641e-04
1.108534384519539062e-04
1.862337765992825526e-04
3.902041033508777215e-04
3.502968655081743483e-04
3.192579027416272562e-04
1.418924012185009847e-04
9.311688829964127629e-05
2.217068769039078123e-04
4.921892667266753330e-04
3.946382408889559162e-04
1.684972264469699363e-04
3.502968655081743483e-04
3.236920402797053968e-04
3.148237652035490615e-04
3.192579027416272562e-04
4.434137538078155772e-06
2.837848024370019694e-04
1.241558510661883684e-04
3.458627279700961536e-04
1.551948138327354605e-04
3.325603153558617320e-04
2.394434270562204286e-04
2.660482522846893802e-05
4.611503039601282409e-04
2.084044642896733365e-04
2.660482522846893531e-04
9.311688829964127629e-05
4.434137538078155772e-06
7.094620060925049235e-05
8.868275076156311544e-06
2.704823898227675478e-04
2.837848024370019694e-04
2.172727393658296447e-04
9.311688829964127629e-05
1.108534384519539062e-04
3.281261778177835373e-04
1.463265387565791523e-04
1.330241261423446765e-04
4.434137538078155772e-06
7.094620060925049777e-04
8.025788943921462540e-04
2.039703267515951689e-04
4.168089285793466730e-04
1.374582636804228442e-04
2.660482522846893802e-05
4.434137538078155772e-06
6.695547682498016046e-04
4.434137538078156246e-04
2.660482522846893802e-05
4.434137538078156111e-05
5.764378799501603012e-05
2.882189399750801641e-04
4.434137538078155772e-06
2.350092895181422610e-04
3.547310030462524617e-05
4.389796162697374299e-04
6.429499430213326530e-04
5.631354673359257983e-04
7.848423442398335835e-04
6.872913184021141667e-04
4.877551291885971518e-05
2.926530775131583047e-04
4.788868541124408572e-04
2.172727393658296447e-04
1.197217135281102143e-04
1.773655015231262444e-04
3.236920402797053968e-04
3.015213525893146399e-04
1.729313639850480768e-04
1.773655015231262309e-05
4.788868541124408572e-04
2.616141147466112126e-04
1.019851633757975844e-04
1.330241261423446765e-04
4.434137538078156111e-05
2.350092895181422610e-04
2.350092895181422610e-04
1.951020516754388607e-04
6.651206307117233827e-05
3.635992781224088241e-04
5.232282294932224251e-04
5.986085676405510309e-04
2.704823898227675478e-04
1.862337765992825526e-04
4.434137538078155772e-06
2.217068769039078123e-04
2.527458396704548773e-04
1.684972264469699363e-04
4.434137538078156111e-05
3.236920402797053968e-04
2.926530775131583047e-04
1.773655015231262444e-04
2.039703267515951689e-04
2.527458396704548773e-04
2.793506648989238289e-04
3.813358282747214404e-04
3.148237652035490615e-04
2.217068769039078123e-04
4.611503039601282409e-04
4.434137538078155772e-06
4.877551291885971518e-05
3.325603153558617320e-04
1.108534384519539062e-04
5.764378799501603012e-05
1.906679141373607202e-04
4.877551291885971925e-04
6.606864931736452151e-04
3.502968655081743483e-04
3.502968655081743483e-04
4.522820288839719057e-04
6.207792553309418419e-05
3.680334156604869646e-04
3.281261778177835373e-04
2.527458396704548773e-04
5.365306421074568467e-04
1.241558510661883684e-04
1.729313639850480768e-04
2.128386018277515042e-04
1.773655015231262444e-04
5.010575418028316141e-04
5.587013297978476577e-04
3.547310030462524888e-04
2.350092895181422610e-04
3.769016907366432457e-04
5.232282294932224251e-04
4.212430661174248136e-04
1.019851633757975844e-04
3.414285904320180131e-04
1.995361892135170284e-04
1.817996390612044121e-04
2.616141147466112126e-04
1.064193009138757521e-04
4.434137538078155772e-06
4.168089285793466730e-04
3.547310030462524617e-05
2.660482522846893531e-04
2.660482522846893531e-04
2.837848024370019694e-04
1.773655015231262309e-05
2.128386018277515042e-04
6.207792553309418419e-05
2.616141147466112126e-04
1.197217135281102143e-04
2.261410144419859528e-04
1.773655015231262444e-04
2.837848024370019694e-04
7.981447568540681406e-05
8.424861322348496813e-05
8.868275076156311544e-06
3.015213525893146399e-04
3.015213525893146399e-04
4.434137538078155772e-06
8.868275076156312221e-05
1.862337765992825526e-04
4.035065159651121973e-04
4.434137538078155772e-06
2.616141147466112126e-04
6.207792553309418419e-05
4.256772036555030083e-04
2.305751519800641205e-04
9.311688829964127629e-05
5.498330547216913767e-04
4.434137538078155772e-06
4.434137538078155772e-06
3.103896276654709210e-04
4.301113411935811488e-04
1.019851633757975844e-04
2.128386018277515042e-04
2.527458396704548773e-04
1.729313639850480768e-04
3.902041033508777215e-04
4.966234042647534735e-04
3.635992781224088241e-04
4.035065159651121973e-04
1.862337765992825526e-04
2.660482522846893531e-04
1.463265387565791523e-04
2.128386018277515042e-04
4.168089285793466730e-04
2.527458396704548773e-04
3.990723784270340703e-05
1.330241261423446901e-05
1.463265387565791523e-04
2.217068769039078055e-05
1.995361892135170284e-04
2.793506648989238289e-04
5.941744301024728904e-04
1.551948138327354605e-04
5.587013297978476577e-04
3.946382408889559162e-04
3.813358282747214404e-04
1.729313639850480768e-04
2.527458396704548773e-04
2.217068769039078123e-04
4.877551291885971518e-05
2.261410144419859528e-04
1.773655015231262444e-04
3.547310030462524617e-05
7.981447568540681406e-05
1.684972264469699363e-04
1.374582636804228442e-04
1.551948138327354605e-04
2.660482522846893531e-04
1.773655015231262309e-05
2.660482522846893531e-04
4.079406535031903378e-04
4.168089285793466730e-04
2.438775645942985962e-04
3.547310030462524888e-04
1.551948138327354605e-04
2.394434270562204286e-04
3.103896276654709210e-05
3.103896276654709210e-05
3.281261778177835373e-04
1.817996390612044121e-04
2.217068769039078123e-04
4.966234042647534735e-04
3.547310030462524888e-04
1.418924012185009847e-04
3.635992781224088241e-04
2.793506648989238289e-04
2.571799772085330720e-04
2.217068769039078123e-04
7.094620060925049235e-05
2.084044642896733365e-04
4.434137538078155772e-06
2.438775645942985962e-04
4.921892667266753330e-04
2.749165273608456883e-04
7.094620060925049235e-05
1.684972264469699363e-04
1.862337765992825526e-04
1.108534384519539062e-04
2.350092895181422610e-04
2.128386018277515042e-04
1.596289513708136281e-04
1.729313639850480768e-04
1.551948138327354605e-04
2.970872150512364452e-04
3.547310030462524617e-05
2.616141147466112126e-04
6.651206307117233827e-05
6.651206307117233827e-05
2.128386018277515042e-04
3.902041033508777215e-04
3.724675531985651052e-04
1.684972264469699363e-04
3.990723784270340567e-04
3.369944528939398725e-04
3.148237652035490615e-04
4.434137538078156111e-05
2.261410144419859528e-04
3.680334156604869646e-04
3.502968655081743483e-04
1.551948138327354605e-04
2.350092895181422610e-04
3.990723784270340703e-05
3.635992781224088241e-04
4.434137538078155772e-06
2.217068769039078055e-05
4.434137538078156246e-04
2.616141147466112126e-04
1.773655015231262444e-04
1.684972264469699363e-04
4.744527165743627167e-04
3.502968655081743483e-04
5.320965045693787604e-05
1.152875759900320602e-04
1.906679141373607202e-04
7.981447568540681406e-05
1.817996390612044121e-04
1.241558510661883684e-04
2.172727393658296447e-04
1.330241261423446765e-04
1.108534384519539062e-04
1.773655015231262444e-04
2.571799772085330720e-04
8.868275076156311544e-06
1.729313639850480768e-04
3.724675531985651052e-04
1.862337765992825526e-04
3.414285904320180131e-04
1.773655015231262444e-04
1.374582636804228442e-04
3.369944528939398725e-04
1.463265387565791523e-04
3.902041033508777215e-04
2.394434270562204286e-04
4.079406535031903378e-04
1.241558510661883684e-04
2.616141147466112126e-04
3.724675531985651052e-04
2.305751519800641205e-04
1.285899886042665360e-04
7.981447568540681406e-05
4.434137538078155772e-06
2.616141147466112126e-04
1.463265387565791523e-04
1.064193009138757521e-04
2.527458396704548773e-04
1.995361892135170284e-04
1.729313639850480768e-04
1.862337765992825526e-04
3.502968655081743483e-04
4.434137538078155772e-06
9.755102583771943037e-05
1.330241261423446765e-04
1.285899886042665360e-04
3.414285904320180131e-04
9.755102583771943037e-05
1.197217135281102143e-04
1.330241261423446901e-05
4.567161664220501004e-04
2.749165273608456883e-04
7.981447568540681406e-05
2.394434270562204286e-04
4.434137538078155772e-06
1.773655015231262444e-04
3.103896276654709210e-04
1.064193009138757521e-04
4.434137538078156111e-05
1.684972264469699363e-04
1.108534384519539062e-04
2.084044642896733365e-04
3.103896276654709210e-05
3.192579027416272562e-04
1.773655015231262444e-04
2.483117021323767368e-04
1.019851633757975844e-04
2.749165273608456883e-04
2.084044642896733365e-04
8.868275076156312221e-05
4.301113411935811488e-04
1.773655015231262309e-05
1.729313639850480768e-04
2.084044642896733365e-04
5.320965045693787604e-05
3.103896276654709210e-05
2.438775645942985962e-04
3.635992781224088241e-04
1.773655015231262309e-05
3.990723784270340703e-05
2.970872150512364452e-04
2.217068769039078123e-04
2.527458396704548773e-04
4.434137538078155772e-06
6.207792553309418419e-05
2.172727393658296447e-04
2.305751519800641205e-04
8.868275076156312221e-05
1.951020516754388607e-04
3.281261778177835373e-04
2.793506648989238289e-04
5.764378799501603012e-05
8.868275076156311544e-06
3.059554901273927804e-04
4.301113411935811488e-04
7.094620060925049235e-05
1.285899886042665360e-04
3.369944528939398725e-04
3.103896276654709210e-05
4.434137538078155772e-06
4.434137538078155772e-06
2.571799772085330720e-04
3.103896276654709210e-05
1.951020516754388607e-04
1.152875759900320602e-04
4.611503039601282409e-04
2.660482522846893531e-04
1.862337765992825526e-04
7.094620060925049235e-05
1.729313639850480768e-04
1.108534384519539062e-04
1.596289513708136281e-04
4.877551291885971518e-05
1.330241261423446901e-05
3.724675531985651052e-04
2.660482522846893802e-05
1.418924012185009847e-04
7.538033814732865998e-05
1.330241261423446765e-04
1.995361892135170284e-04
2.660482522846893531e-04
2.394434270562204286e-04
9.755102583771943037e-05
5.764378799501603012e-05
3.414285904320180131e-04
4.434137538078155772e-06
4.611503039601282409e-04
7.094620060925049235e-05
1.463265387565791523e-04
1.773655015231262444e-04
1.551948138327354605e-04
1.374582636804228442e-04
3.281261778177835373e-04
3.059554901273927804e-04
3.103896276654709210e-05
3.281261778177835373e-04
2.039703267515951689e-04
9.311688829964127629e-05
1.241558510661883684e-04
4.611503039601282409e-04
1.152875759900320602e-04
2.039703267515951689e-04
1.640630889088917686e-04
3.813358282747214404e-04
1.507606762946573200e-04
1.241558510661883684e-04
3.369944528939398725e-04
4.700185790362845220e-04
6.651206307117233827e-05
1.640630889088917686e-04
3.325603153558617320e-04
2.350092895181422610e-04
3.990723784270340567e-04
7.538033814732865998e-05
1.285899886042665360e-04
1.374582636804228442e-04
1.507606762946573200e-04
4.877551291885971518e-05
2.837848024370019694e-04
1.773655015231262309e-05
1.418924012185009847e-04
2.350092895181422610e-04
9.311688829964127629e-05
4.434137538078155772e-06
2.660482522846893531e-04
1.374582636804228442e-04
3.813358282747214404e-04
1.551948138327354605e-04
2.217068769039078123e-04
1.906679141373607202e-04
1.906679141373607202e-04
4.877551291885971518e-05
2.438775645942985962e-04
4.434137538078155772e-06
2.350092895181422610e-04
1.197217135281102143e-04
1.330241261423446765e-04
3.857699658127995809e-04
7.094620060925049235e-05
8.868275076156311544e-06
4.434137538078155772e-06
6.651206307117233827e-05
7.538033814732865998e-05
3.103896276654709210e-05
1.507606762946573200e-04
5.764378799501603012e-05
1.773655015231262444e-04
5.320965045693787604e-05
9.311688829964127629e-05
1.551948138327354605e-04
1.418924012185009847e-04
3.103896276654709210e-05
1.285899886042665360e-04
1.640630889088917686e-04
1.064193009138757521e-04
2.882189399750801641e-04
2.084044642896733365e-04
2.660482522846893802e-05
7.981447568540681406e-05
4.921892667266753330e-04
1.330241261423446765e-04
2.793506648989238289e-04
1.684972264469699363e-04
2.837848024370019694e-04
3.547310030462524888e-04
8.868275076156312221e-05
1.684972264469699363e-04
2.970872150512364452e-04
4.434137538078155772e-06
4.434137538078155772e-06
2.261410144419859528e-04
2.704823898227675478e-04
4.345454787316592894e-04
1.241558510661883684e-04
6.651206307117233827e-05
8.868275076156311544e-06
9.311688829964127629e-05
1.374582636804228442e-04
8.868275076156312221e-05
1.463265387565791523e-04
1.773655015231262444e-04
2.660482522846893802e-05
2.039703267515951689e-04
9.311688829964127629e-05
2.128386018277515042e-04
3.015213525893146399e-04
2.172727393658296447e-04
2.172727393658296447e-04
2.660482522846893802e-05
1.197217135281102143e-04
2.483117021323767368e-04
3.414285904320180131e-04
3.990723784270340703e-05
8.424861322348496813e-05
8.868275076156312221e-05
4.434137538078155772e-06
1.108534384519539062e-04
1.951020516754388607e-04
3.990723784270340703e-05
2.660482522846893531e-04
4.744527165743627167e-04
2.438775645942985962e-04
1.596289513708136281e-04
1.108534384519539062e-04
1.285899886042665360e-04
4.434137538078155772e-06
2.571799772085330720e-04
2.793506648989238289e-04
7.538033814732865998e-05
6.651206307117233827e-05
9.311688829964127629e-05
1.551948138327354605e-04
1.241558510661883684e-04
6.651206307117233827e-05
2.438775645942985962e-04
8.868275076156312221e-05
7.094620060925049235e-05
7.981447568540681406e-05
1.596289513708136281e-04
1.152875759900320602e-04
3.547310030462524617e-05
2.571799772085330720e-04
4.434137538078155772e-06
1.640630889088917686e-04
1.463265387565791523e-04
1.684972264469699363e-04
1.995361892135170284e-04
1.064193009138757521e-04
2.571799772085330720e-04
2.217068769039078055e-05
4.877551291885971518e-05
4.877551291885971518e-05
3.103896276654709210e-04
1.995361892135170284e-04
1.285899886042665360e-04
1.906679141373607202e-04
8.424861322348496813e-05
6.207792553309418419e-05
7.094620060925049235e-05
1.817996390612044121e-04
1.773655015231262309e-05
1.906679141373607202e-04
4.434137538078155772e-06
2.793506648989238289e-04
1.330241261423446901e-05
1.817996390612044121e-04
1.064193009138757521e-04
2.970872150512364452e-04
1.330241261423446901e-05
2.217068769039078055e-05
8.868275076156311544e-06
1.995361892135170284e-04
2.039703267515951689e-04
1.330241261423446765e-04
1.596289513708136281e-04
2.660482522846893531e-04
1.773655015231262309e-05
4.434137538078155772e-06
1.197217135281102143e-04
2.438775645942985962e-04
1.108534384519539062e-04
2.926530775131583047e-04
7.981447568540681406e-05
9.755102583771943037e-05
4.168089285793466730e-04
2.704823898227675478e-04
2.483117021323767368e-04
3.103896276654709210e-04
1.019851633757975844e-04
3.192579027416272562e-04
1.285899886042665360e-04
2.394434270562204286e-04
3.502968655081743483e-04
3.990723784270340703e-05
2.394434270562204286e-04
1.596289513708136281e-04
3.680334156604869646e-04
2.217068769039078123e-04
9.311688829964127629e-05
7.094620060925049235e-05
1.995361892135170284e-04
1.773655015231262444e-04
2.217068769039078123e-04
1.064193009138757521e-04
2.350092895181422610e-04
1.817996390612044121e-04
1.374582636804228442e-04
3.148237652035490615e-04
1.551948138327354605e-04
3.103896276654709210e-05
1.197217135281102143e-04
1.551948138327354605e-04
3.547310030462524617e-05
2.217068769039078055e-05
1.773655015231262309e-05
3.148237652035490615e-04
1.285899886042665360e-04
2.084044642896733365e-04
9.311688829964127629e-05
7.094620060925049235e-05
2.793506648989238289e-04
2.749165273608456883e-04
8.868275076156311544e-06
1.152875759900320602e-04
1.773655015231262309e-05
1.418924012185009847e-04
8.868275076156311544e-06
5.320965045693787604e-05
1.241558510661883684e-04
5.320965045693787604e-05
1.773655015231262444e-04
1.817996390612044121e-04
1.330241261423446901e-05
7.981447568540681406e-05
1.862337765992825526e-04
1.773655015231262309e-05
1.551948138327354605e-04
3.192579027416272562e-04
4.434137538078156111e-05
1.995361892135170284e-04
6.651206307117233827e-05
2.970872150512364452e-04
1.285899886042665360e-04
1.064193009138757521e-04
1.108534384519539062e-04
3.015213525893146399e-04
1.019851633757975844e-04
1.330241261423446901e-05
4.877551291885971518e-05
2.793506648989238289e-04
4.434137538078156111e-05
1.817996390612044121e-04
2.660482522846893802e-05
2.217068769039078055e-05
4.877551291885971518e-05
1.330241261423446765e-04
1.551948138327354605e-04
3.990723784270340703e-05
1.418924012185009847e-04
3.902041033508777215e-04
1.241558510661883684e-04
7.094620060925049235e-05
1.330241261423446901e-05
1.551948138327354605e-04
3.236920402797053968e-04
5.764378799501603012e-05
3.236920402797053968e-04
3.990723784270340703e-05
3.103896276654709210e-05
1.064193009138757521e-04
1.330241261423446901e-05
1.197217135281102143e-04
9.311688829964127629e-05
1.773655015231262309e-05
6.651206307117233827e-05
8.868275076156312221e-05
2.571799772085330720e-04
2.970872150512364452e-04
3.990723784270340703e-05
2.837848024370019694e-04
2.882189399750801641e-04
1.729313639850480768e-04
2.660482522846893802e-05
3.547310030462524617e-05
1.906679141373607202e-04
1.463265387565791523e-04
1.773655015231262309e-05
1.241558510661883684e-04
9.755102583771943037e-05
1.285899886042665360e-04
4.434137538078155772e-06
2.350092895181422610e-04
4.434137538078155772e-06
1.197217135281102143e-04
8.868275076156312221e-05
3.103896276654709210e-05
1.285899886042665360e-04
1.906679141373607202e-04
4.434137538078156111e-05
1.684972264469699363e-04
2.660482522846893802e-05
2.793506648989238289e-04
9.311688829964127629e-05
2.172727393658296447e-04
4.434137538078156111e-05
1.773655015231262309e-05
1.241558510661883684e-04
8.868275076156311544e-06
2.926530775131583047e-04
1.773655015231262309e-05
2.217068769039078055e-05
2.350092895181422610e-04
3.547310030462524617e-05
1.374582636804228442e-04
6.651206307117233827e-05
3.015213525893146399e-04
3.236920402797053968e-04
9.311688829964127629e-05
5.764378799501603012e-05
7.538033814732865998e-05
5.320965045693787604e-05
1.285899886042665360e-04
4.434137538078155772e-06
1.551948138327354605e-04
1.640630889088917686e-04
1.285899886042665360e-04
2.217068769039078123e-04
8.424861322348496813e-05
2.305751519800641205e-04
1.729313639850480768e-04
8.868275076156312221e-05
1.152875759900320602e-04
7.981447568540681406e-05
4.434137538078155772e-06
3.547310030462524617e-05
1.285899886042665360e-04
8.424861322348496813e-05
2.217068769039078123e-04
1.951020516754388607e-04
5.320965045693787604e-05
4.877551291885971518e-05
4.434137538078155772e-06
2.660482522846893802e-05
1.596289513708136281e-04
1.064193009138757521e-04
1.019851633757975844e-04
7.981447568540681406e-05
3.769016907366432457e-04
7.538033814732865998e-05
2.128386018277515042e-04
3.103896276654709210e-05
3.103896276654709210e-04
4.434137538078155772e-06
2.616141147466112126e-04
1.596289513708136281e-04
2.704823898227675478e-04
9.755102583771943037e-05
1.773655015231262309e-05
3.591651405843306294e-04
2.084044642896733365e-04
1.463265387565791523e-04
2.483117021323767368e-04
2.793506648989238289e-04
2.350092895181422610e-04
3.990723784270340703e-05
3.502968655081743483e-04
8.424861322348496813e-05
1.773655015231262444e-04
1.330241261423446901e-05
1.330241261423446901e-05
2.128386018277515042e-04
5.764378799501603012e-05
3.990723784270340703e-05
1.152875759900320602e-04
1.064193009138757521e-04
5.320965045693787604e-05
1.418924012185009847e-04
8.424861322348496813e-05
2.305751519800641205e-04
6.207792553309418419e-05
6.207792553309418419e-05
8.424861322348496813e-05
1.197217135281102143e-04
2.660482522846893802e-05
1.108534384519539062e-04
3.103896276654709210e-05
3.591651405843306294e-04
2.660482522846893802e-05
5.320965045693787604e-05
2.128386018277515042e-04
4.434137538078156111e-05
8.868275076156312221e-05
6.207792553309418419e-05
6.651206307117233827e-05
2.660482522846893802e-05
1.241558510661883684e-04
7.981447568540681406e-05
5.764378799501603012e-05
4.434137538078155772e-06
1.064193009138757521e-04
5.764378799501603012e-05
1.019851633757975844e-04
1.241558510661883684e-04
2.438775645942985962e-04
1.463265387565791523e-04
3.103896276654709210e-05
2.660482522846893802e-05
1.330241261423446765e-04
2.749165273608456883e-04
1.773655015231262444e-04
1.330241261423446765e-04
2.616141147466112126e-04
2.084044642896733365e-04
1.463265387565791523e-04
2.039703267515951689e-04
2.172727393658296447e-04
7.981447568540681406e-05
7.094620060925049235e-05
2.660482522846893802e-05
4.434137538078155772e-06
1.729313639850480768e-04
3.547310030462524617e-05
4.434137538078155772e-06
2.483117021323767368e-04
8.868275076156311544e-06
2.305751519800641205e-04
3.192579027416272562e-04
8.868275076156311544e-06
2.571799772085330720e-04
7.538033814732865998e-05
1.374582636804228442e-04
1.596289513708136281e-04
2.660482522846893802e-05
1.330241261423446765e-04
9.311688829964127629e-05
6.207792553309418419e-05
1.241558510661883684e-04
8.868275076156311544e-06
1.640630889088917686e-04
4.434137538078155772e-06
3.281261778177835373e-04
3.547310030462524617e-05
8.424861322348496813e-05
1.817996390612044121e-04
7.538033814732865998e-05
1.197217135281102143e-04
2.172727393658296447e-04
4.434137538078156111e-05
2.571799772085330720e-04
3.103896276654709210e-05
4.877551291885971518e-05
2.350092895181422610e-04
1.330241261423446901e-05
1.285899886042665360e-04
2.350092895181422610e-04
1.773655015231262309e-05
2.616141147466112126e-04
1.817996390612044121e-04
3.547310030462524617e-05
8.868275076156311544e-06
1.374582636804228442e-04
2.438775645942985962e-04
8.868275076156311544e-06
1.108534384519539062e-04
1.330241261423446765e-04
9.755102583771943037e-05
1.241558510661883684e-04
8.868275076156311544e-06
1.241558510661883684e-04
4.434137538078156111e-05
1.507606762946573200e-04
5.320965045693787604e-05
1.684972264469699363e-04
1.330241261423446901e-05
2.660482522846893802e-05
2.261410144419859528e-04
1.330241261423446765e-04
1.330241261423446901e-05
2.704823898227675478e-04
5.764378799501603012e-05
2.217068769039078055e-05
7.981447568540681406e-05
6.207792553309418419e-05
6.651206307117233827e-05
1.729313639850480768e-04
2.970872150512364452e-04
1.773655015231262309e-05
4.877551291885971518e-05
4.434137538078155772e-06
1.064193009138757521e-04
1.064193009138757521e-04
4.434137538078156111e-05
8.868275076156312221e-05
1.330241261423446901e-05
1.152875759900320602e-04
1.906679141373607202e-04
6.651206307117233827e-05
2.217068769039078123e-04
1.241558510661883684e-04
7.094620060925049235e-05
2.660482522846893802e-05
1.463265387565791523e-04
2.660482522846893802e-05
2.527458396704548773e-04
2.305751519800641205e-04
9.311688829964127629e-05
2.926530775131583047e-04
3.414285904320180131e-04
5.764378799501603012e-05
2.704823898227675478e-04
1.418924012185009847e-04
3.015213525893146399e-04
1.729313639850480768e-04
7.094620060925049235e-05
4.434137538078156111e-05
8.868275076156311544e-06
7.538033814732865998e-05
5.320965045693787604e-05
3.103896276654709210e-05
1.951020516754388607e-04
7.981447568540681406e-05
4.877551291885971518e-05
4.434137538078155772e-06
2.660482522846893531e-04
9.755102583771943037e-05
2.970872150512364452e-04
2.793506648989238289e-04
8.868275076156311544e-06
1.507606762946573200e-04
1.507606762946573200e-04
2.793506648989238289e-04
1.862337765992825526e-04
4.434137538078155772e-06
1.374582636804228442e-04
2.394434270562204286e-04
3.015213525893146399e-04
6.207792553309418419e-05
3.990723784270340703e-05
1.108534384519539062e-04
4.434137538078155772e-06
2.305751519800641205e-04
8.868275076156312221e-05
9.755102583771943037e-05
7.538033814732865998e-05
3.148237652035490615e-04
2.660482522846893531e-04
2.660482522846893802e-05
7.981447568540681406e-05
6.207792553309418419e-05
3.015213525893146399e-04
1.596289513708136281e-04
2.084044642896733365e-04
8.868275076156312221e-05
2.483117021323767368e-04
1.684972264469699363e-04
5.320965045693787604e-05
9.755102583771943037e-05
1.019851633757975844e-04
1.463265387565791523e-04
7.981447568540681406e-05
1.064193009138757521e-04
5.764378799501603012e-05
1.551948138327354605e-04
2.084044642896733365e-04
4.434137538078155772e-06
1.152875759900320602e-04
2.350092895181422610e-04
1.241558510661883684e-04
9.755102583771943037e-05
1.817996390612044121e-04
4.434137538078155772e-06
4.877551291885971518e-05
3.236920402797053968e-04
7.538033814732865998e-05
5.764378799501603012e-05
1.241558510661883684e-04
3.990723784270340703e-05
1.995361892135170284e-04
2.837848024370019694e-04
2.660482522846893802e-05
2.571799772085330720e-04
2.483117021323767368e-04
2.660482522846893802e-05
3.103896276654709210e-05
2.217068769039078055e-05
3.547310030462524617e-05
6.651206307117233827e-05
1.330241261423446765e-04
1.197217135281102143e-04
2.084044642896733365e-04
1.862337765992825526e-04
3.547310030462524617e-05
9.311688829964127629e-05
1.507606762946573200e-04
5.764378799501603012e-05
1.507606762946573200e-04
2.660482522846893802e-05
1.152875759900320602e-04
1.285899886042665360e-04
6.651206307117233827e-05
1.773655015231262309e-05
4.434137538078155772e-06
3.103896276654709210e-05
1.197217135281102143e-04
3.990723784270340703e-05
1.108534384519539062e-04
2.704823898227675478e-04
1.330241261423446901e-05
1.773655015231262444e-04
3.103896276654709210e-05
1.551948138327354605e-04
3.103896276654709210e-05
1.596289513708136281e-04
3.103896276654709210e-05
4.877551291885971518e-05
1.330241261423446765e-04
1.773655015231262309e-05
1.064193009138757521e-04
6.651206307117233827e-05
1.152875759900320602e-04
4.877551291885971518e-05
8.868275076156311544e-06
6.207792553309418419e-05
4.877551291885971518e-05
8.868275076156312221e-05
4.434137538078155772e-06
9.755102583771943037e-05
1.773655015231262309e-05
7.538033814732865998e-05
2.039703267515951689e-04
3.547310030462524617e-05
1.064193009138757521e-04
1.773655015231262444e-04
4.877551291885971518e-05
7.094620060925049235e-05
1.729313639850480768e-04
1.684972264469699363e-04
1.285899886042665360e-04
2.394434270562204286e-04
3.547310030462524617e-05
1.729313639850480768e-04
4.434137538078155772e-06
4.434137538078155772e-06
4.434137538078155772e-06
2.660482522846893802e-05
1.197217135281102143e-04
5.764378799501603012e-05
4.434137538078155772e-06
2.084044642896733365e-04
1.019851633757975844e-04
1.152875759900320602e-04
2.793506648989238289e-04
1.330241261423446901e-05
1.330241261423446901e-05
5.320965045693787604e-05
5.320965045693787604e-05
1.596289513708136281e-04
1.773655015231262444e-04
1.640630889088917686e-04
8.424861322348496813e-05
1.285899886042665360e-04
2.350092895181422610e-04
5.320965045693787604e-05
1.330241261423446765e-04
1.729313639850480768e-04
4.434137538078155772e-06
3.547310030462524617e-05
1.773655015231262444e-04
1.507606762946573200e-04
1.330241261423446765e-04
2.172727393658296447e-04
7.981447568540681406e-05
1.019851633757975844e-04
4.434137538078155772e-06
1.108534384519539062e-04
2.571799772085330720e-04
4.434137538078155772e-06
6.207792553309418419e-05
4.434137538078156111e-05
1.064193009138757521e-04
1.241558510661883684e-04
4.434137538078155772e-06
8.868275076156311544e-06
8.424861322348496813e-05
4.434137538078155772e-06
4.434137538078155772e-06
7.981447568540681406e-05
5.764378799501603012e-05
6.207792553309418419e-05
1.507606762946573200e-04
4.434137538078156111e-05
8.868275076156312221e-05
4.434137538078155772e-06
9.311688829964127629e-05
1.507606762946573200e-04
1.684972264469699363e-04
2.217068769039078055e-05
5.320965045693787604e-05
3.990723784270340703e-05
4.434137538078155772e-06
1.640630889088917686e-04
1.330241261423446901e-05
5.320965045693787604e-05
7.538033814732865998e-05
1.064193009138757521e-04
2.660482522846893802e-05
6.207792553309418419e-05
8.868275076156312221e-05
1.551948138327354605e-04
4.434137538078155772e-06
4.434137538078155772e-06
6.651206307117233827e-05
2.261410144419859528e-04
1.507606762946573200e-04
1.729313639850480768e-04
6.207792553309418419e-05
2.172727393658296447e-04
6.651206307117233827e-05
8.868275076156311544e-06
1.684972264469699363e-04
1.773655015231262309e-05
2.394434270562204286e-04
4.434137538078155772e-06
4.434137538078155772e-06
9.755102583771943037e-05
4.434137538078155772e-06
3.990723784270340703e-05
1.330241261423446765e-04
3.547310030462524617e-05
3.547310030462524617e-05
9.311688829964127629e-05
4.434137538078155772e-06
7.981447568540681406e-05
1.684972264469699363e-04
1.684972264469699363e-04
2.660482522846893531e-04
4.434137538078156111e-05
8.424861322348496813e-05
1.197217135281102143e-04
1.330241261423446765e-04
1.374582636804228442e-04
4.877551291885971518e-05
1.551948138327354605e-04
4.877551291885971518e-05
2.704823898227675478e-04
8.868275076156311544e-06
7.981447568540681406e-05
4.434137538078155772e-06
8.424861322348496813e-05
1.596289513708136281e-04
2.217068769039078123e-04
1.152875759900320602e-04
1.507606762946573200e-04
5.320965045693787604e-05
6.651206307117233827e-05
1.330241261423446901e-05
3.990723784270340703e-05
1.374582636804228442e-04
2.217068769039078055e-05
1.995361892135170284e-04
7.538033814732865998e-05
8.868275076156311544e-06
9.311688829964127629e-05
4.434137538078155772e-06
2.128386018277515042e-04
1.019851633757975844e-04
2.660482522846893802e-05
1.906679141373607202e-04
8.868275076156311544e-06
8.424861322348496813e-05
1.862337765992825526e-04
1.418924012185009847e-04
8.868275076156311544e-06
7.094620060925049235e-05
4.434137538078155772e-06
4.434137538078156111e-05
1.773655015231262444e-04
7.538033814732865998e-05
1.019851633757975844e-04
2.660482522846893802e-05
9.755102583771943037e-05
3.103896276654709210e-05
1.862337765992825526e-04
4.434137538078155772e-06
8.868275076156311544e-06
9.755102583771943037e-05
8.868275076156312221e-05
4.434137538078155772e-06
2.128386018277515042e-04
1.019851633757975844e-04
4.434137538078155772e-06
1.152875759900320602e-04
8.868275076156312221e-05
1.241558510661883684e-04
2.217068769039078055e-05
2.660482522846893802e-05
1.330241261423446901e-05
1.773655015231262444e-04
3.547310030462524617e-05
1.640630889088917686e-04
1.596289513708136281e-04
4.877551291885971518e-05
7.981447568540681406e-05
7.094620060925049235e-05
4.434137538078155772e-06
8.868275076156312221e-05
1.817996390612044121e-04
4.434137538078155772e-06
1.374582636804228442e-04
2.039703267515951689e-04
1.817996390612044121e-04
1.108534384519539062e-04
5.764378799501603012e-05
1.951020516754388607e-04
3.103896276654709210e-05
1.773655015231262444e-04
1.684972264469699363e-04
1.152875759900320602e-04
5.320965045693787604e-05
8.424861322348496813e-05
1.773655015231262309e-05
1.640630889088917686e-04
1.197217135281102143e-04
2.793506648989238289e-04
2.660482522846893802e-05
1.197217135281102143e-04
7.094620060925049235e-05
2.217068769039078123e-04
8.868275076156311544e-06
2.217068769039078055e-05
1.285899886042665360e-04
1.108534384519539062e-04
1.551948138327354605e-04
1.773655015231262309e-05
1.108534384519539062e-04
7.538033814732865998e-05
3.990723784270340703e-05
1.019851633757975844e-04
4.434137538078155772e-06
1.640630889088917686e-04
2.217068769039078055e-05
4.434137538078155772e-06
6.651206307117233827e-05
4.434137538078156111e-05
3.547310030462524617e-05
1.197217135281102143e-04
1.197217135281102143e-04
1.330241261423446901e-05
8.424861322348496813e-05
5.764378799501603012e-05
8.868275076156311544e-06
4.877551291885971518e-05
3.103896276654709210e-05
2.128386018277515042e-04
6.207792553309418419e-05
2.217068769039078055e-05
3.103896276654709210e-05
7.538033814732865998e-05
7.981447568540681406e-05
4.877551291885971518e-05
1.064193009138757521e-04
1.285899886042665360e-04
5.764378799501603012e-05
5.764378799501603012e-05
7.538033814732865998e-05
4.434137538078156111e-05
1.906679141373607202e-04
5.320965045693787604e-05
2.084044642896733365e-04
4.434137538078156111e-05
4.434137538078155772e-06
4.434137538078155772e-06
1.418924012185009847e-04
4.877551291885971518e-05
1.197217135281102143e-04
1.995361892135170284e-04
1.995361892135170284e-04
3.547310030462524617e-05
1.906679141373607202e-04
1.197217135281102143e-04
1.285899886042665360e-04
7.981447568540681406e-05
4.434137538078156111e-05
7.981447568540681406e-05
4.434137538078155772e-06
2.217068769039078055e-05
4.434137538078155772e-06
4.877551291885971518e-05
2.084044642896733365e-04
8.868275076156312221e-05
9.311688829964127629e-05
1.330241261423446765e-04
3.547310030462524617e-05
1.108534384519539062e-04
1.330241261423446901e-05
1.374582636804228442e-04
5.320965045693787604e-05
1.197217135281102143e-04
2.217068769039078055e-05
4.877551291885971518e-05
2.039703267515951689e-04
4.434137538078155772e-06
4.434137538078155772e-06
6.207792553309418419e-05
2.217068769039078123e-04
8.424861322348496813e-05
1.152875759900320602e-04
1.019851633757975844e-04
2.660482522846893802e-05
4.434137538078155772e-06
3.990723784270340703e-05
6.651206307117233827e-05
4.434137538078155772e-06
2.394434270562204286e-04
6.651206307117233827e-05
9.311688829964127629e-05
4.434137538078155772e-06
1.463265387565791523e-04
7.538033814732865998e-05
1.640630889088917686e-04
4.434137538078155772e-06
8.868275076156312221e-05
1.773655015231262309e-05
4.877551291885971518e-05
2.571799772085330720e-04
8.868275076156311544e-06
6.207792553309418419e-05
1.152875759900320602e-04
1.596289513708136281e-04
1.197217135281102143e-04
3.547310030462524617e-05
4.434137538078155772e-06
4.434137538078155772e-06
4.434137538078155772e-06
1.463265387565791523e-04
8.868275076156312221e-05
8.424861322348496813e-05
1.374582636804228442e-04
1.463265387565791523e-04
1.330241261423446901e-05
4.877551291885971518e-05
2.660482522846893802e-05
1.684972264469699363e-04
6.207792553309418419e-05
3.103896276654709210e-05
1.285899886042665360e-04
1.019851633757975844e-04
1.463265387565791523e-04
3.547310030462524617e-05
2.217068769039078055e-05
4.434137538078156111e-05
6.207792553309418419e-05
8.868275076156312221e-05
3.990723784270340703e-05
8.424861322348496813e-05
1.729313639850480768e-04
1.108534384519539062e-04
5.320965045693787604e-05
1.684972264469699363e-04
9.311688829964127629e-05
4.434137538078155772e-06
3.547310030462524617e-05
3.103896276654709210e-05
6.651206307117233827e-05
3.103896276654709210e-05
1.684972264469699363e-04
6.207792553309418419e-05
3.103896276654709210e-05
4.877551291885971518e-05
4.434137538078155772e-06
7.094620060925049235e-05
2.660482522846893802e-05
3.103896276654709210e-05
1.418924012185009847e-04
5.764378799501603012e-05
2.217068769039078055e-05
2.039703267515951689e-04
1.330241261423446901e-05
4.434137538078156111e-05
4.434137538078155772e-06
8.424861322348496813e-05
4.877551291885971518e-05
1.330241261423446901e-05
4.434137538078155772e-06
2.660482522846893802e-05
1.507606762946573200e-04
4.434137538078155772e-06
8.868275076156312221e-05
4.434137538078155772e-06
3.103896276654709210e-05
2.305751519800641205e-04
1.640630889088917686e-04
9.755102583771943037e-05
4.877551291885971518e-05
1.019851633757975844e-04
1.817996390612044121e-04
5.320965045693787604e-05
1.684972264469699363e-04
3.547310030462524617e-05
1.640630889088917686e-04
8.424861322348496813e-05
4.434137538078155772e-06
1.773655015231262444e-04
1.330241261423446901e-05
1.463265387565791523e-04
1.906679141373607202e-04
6.651206307117233827e-05
1.285899886042665360e-04
6.651206307117233827e-05
1.330241261423446901e-05
1.640630889088917686e-04
4.434137538078156111e-05
7.981447568540681406e-05
7.981447568540681406e-05
1.152875759900320602e-04
4.434137538078156111e-05
1.951020516754388607e-04
1.640630889088917686e-04
7.094620060925049235e-05
4.877551291885971518e-05
1.374582636804228442e-04
4.434137538078155772e-06
4.434137538078155772e-06
5.320965045693787604e-05
7.538033814732865998e-05
4.434137538078155772e-06
9.755102583771943037e-05
7.981447568540681406e-05
4.434137538078155772e-06
6.207792553309418419e-05
1.064193009138757521e-04
4.434137538078155772e-06
8.424861322348496813e-05
1.330241261423446901e-05
6.207792553309418419e-05
2.217068769039078055e-05
1.418924012185009847e-04
5.764378799501603012e-05
5.764378799501603012e-05
1.197217135281102143e-04
6.207792553309418419e-05
6.651206307117233827e-05
1.374582636804228442e-04
1.773655015231262444e-04
4.434137538078155772e-06
2.217068769039078055e-05
7.538033814732865998e-05
6.207792553309418419e-05
9.755102583771943037e-05
3.103896276654709210e-05
1.241558510661883684e-04
9.755102583771943037e-05
4.434137538078155772e-06
3.103896276654709210e-05
4.877551291885971518e-05
3.547310030462524617e-05
1.418924012185009847e-04
7.538033814732865998e-05
1.330241261423446901e-05
1.241558510661883684e-04
6.207792553309418419e-05
1.906679141373607202e-04
8.868275076156312221e-05
4.434137538078156111e-05
1.951020516754388607e-04
8.868275076156311544e-06
1.108534384519539062e-04
8.424861322348496813e-05
2.660482522846893802e-05
8.424861322348496813e-05
6.651206307117233827e-05
5.320965045693787604e-05
1.374582636804228442e-04
8.868275076156311544e-06
5.764378799501603012e-05
1.507606762946573200e-04
1.330241261423446901e-05
2.217068769039078055e-05
5.320965045693787604e-05
2.217068769039078055e-05
1.285899886042665360e-04
6.207792553309418419e-05
1.330241261423446765e-04
3.103896276654709210e-05
8.424861322348496813e-05
5.764378799501603012e-05
2.261410144419859528e-04
1.773655015231262309e-05
7.981447568540681406e-05
1.064193009138757521e-04
1.330241261423446901e-05
2.660482522846893802e-05
6.207792553309418419e-05
1.330241261423446901e-05
4.434137538078155772e-06
8.424861322348496813e-05
8.868275076156311544e-06
1.773655015231262309e-05
8.868275076156312221e-05
8.868275076156311544e-06
8.424861322348496813e-05
2.660482522846893802e-05
1.995361892135170284e-04
3.103896276654709210e-05
8.868275076156311544e-06
4.434137538078155772e-06
1.773655015231262309e-05
2.660482522846893802e-05
4.434137538078155772e-06
1.640630889088917686e-04
1.684972264469699363e-04
4.877551291885971518e-05
3.990723784270340703e-05
2.217068769039078055e-05
1.197217135281102143e-04
5.320965045693787604e-05
3.103896276654709210e-05
4.434137538078155772e-06
4.434137538078156111e-05
8.868275076156311544e-06
1.906679141373607202e-04
8.868275076156312221e-05
8.424861322348496813e-05
1.951020516754388607e-04
5.320965045693787604e-05
4.434137538078156111e-05
1.330241261423446901e-05
7.981447568540681406e-05
8.868275076156311544e-06
4.434137538078155772e-06
7.981447568540681406e-05
4.434137538078155772e-06
4.434137538078156111e-05
2.217068769039078055e-05
7.981447568540681406e-05
1.285899886042665360e-04
1.285899886042665360e-04
9.311688829964127629e-05
8.868275076156311544e-06
1.019851633757975844e-04
9.311688829964127629e-05
9.311688829964127629e-05
5.764378799501603012e-05
8.868275076156311544e-06
8.868275076156311544e-06
4.434137538078155772e-06
1.019851633757975844e-04
2.217068769039078055e-05
4.434137538078155772e-06
1.507606762946573200e-04
4.434137538078156111e-05
9.755102583771943037e-05
7.981447568540681406e-05
1.463265387565791523e-04
4.434137538078155772e-06
8.868275076156311544e-06
1.773655015231262309e-05
4.877551291885971518e-05
1.773655015231262309e-05
1.330241261423446765e-04
7.538033814732865998e-05
5.764378799501603012e-05
8.868275076156311544e-06
3.103896276654709210e-05
1.152875759900320602e-04
1.640630889088917686e-04
1.330241261423446901e-05
4.434137538078155772e-06
7.981447568540681406e-05
1.330241261423446901e-05
3.990723784270340703e-05
4.877551291885971518e-05
6.651206307117233827e-05
7.538033814732865998e-05
3.103896276654709210e-05
4.434137538078156111e-05
3.103896276654709210e-05
7.538033814732865998e-05
4.434137538078156111e-05
4.434137538078155772e-06
4.434137538078155772e-06
4.434137538078155772e-06
5.764378799501603012e-05
8.868275076156311544e-06
1.463265387565791523e-04
1.995361892135170284e-04
6.651206307117233827e-05
8.868275076156311544e-06
4.877551291885971518e-05
2.660482522846893802e-05
3.990723784270340703e-05
6.207792553309418419e-05
4.434137538078155772e-06
7.981447568540681406e-05
5.320965045693787604e-05
2.217068769039078055e-05
6.207792553309418419e-05
1.197217135281102143e-04
1.330241261423446901e-05
2.084044642896733365e-04
3.103896276654709210e-05
4.434137538078155772e-06
1.197217135281102143e-04
3.103896276654709210e-05
2.039703267515951689e-04
7.981447568540681406e-05
1.064193009138757521e-04
1.684972264469699363e-04
8.424861322348496813e-05
7.981447568540681406e-05
5.764378799501603012e-05
9.311688829964127629e-05
8.868275076156312221e-05
1.418924012185009847e-04
1.463265387565791523e-04
4.434137538078155772e-06
1.374582636804228442e-04
8.424861322348496813e-05
4.877551291885971518e-05
2.084044642896733365e-04
1.152875759900320602e-04
2.084044642896733365e-04
8.868275076156312221e-05
1.330241261423446765e-04
1.241558510661883684e-04
6.207792553309418419e-05
6.207792553309418419e-05
7.981447568540681406e-05
4.434137538078155772e-06
1.773655015231262309e-05
1.152875759900320602e-04
4.877551291885971518e-05
4.434137538078155772e-06
1.330241261423446901e-05
1.773655015231262309e-05
2.660482522846893802e-05
8.868275076156312221e-05
9.311688829964127629e-05
6.207792553309418419e-05
7.981447568540681406e-05
4.434137538078155772e-06
9.755102583771943037e-05
1.330241261423446765e-04
1.684972264469699363e-04
1.330241261423446901e-05
5.320965045693787604e-05
6.651206307117233827e-05
4.877551291885971518e-05
1.152875759900320602e-04
7.981447568540681406e-05
1.463265387565791523e-04
8.868275076156312221e-05
3.103896276654709210e-05
1.995361892135170284e-04
1.374582636804228442e-04
1.773655015231262444e-04
1.330241261423446765e-04
1.285899886042665360e-04
1.330241261423446765e-04
8.424861322348496813e-05
1.773655015231262309e-05
6.651206307117233827e-05
8.424861322348496813e-05
7.981447568540681406e-05
2.217068769039078055e-05
4.434137538078156111e-05
6.651206307117233827e-05
3.103896276654709210e-05
1.330241261423446765e-04
4.434137538078155772e-06
8.868275076156312221e-05
1.995361892135170284e-04
3.547310030462524617e-05
1.773655015231262309e-05
8.868275076156312221e-05
1.330241261423446765e-04
1.773655015231262309e-05
1.330241261423446901e-05
1.995361892135170284e-04
9.755102583771943037e-05
1.019851633757975844e-04
7.981447568540681406e-05
1.108534384519539062e-04
