1.636636171382977942e-02
8.046649262923054324e-03
7.539255254045596107e-03
6.663903757814255459e-03
6.497354579327761434e-03
6.071298541339055325e-03
6.172002695772749528e-03
4.899644436870114611e-03
4.946123277377974074e-03
4.512320765971291822e-03
4.272180090014020964e-03
4.336088495712327184e-03
4.361264534320750084e-03
4.361264534320750084e-03
4.281863181786491578e-03
4.223764631151667899e-03
4.262496998241550351e-03
3.851933907088797831e-03
3.439434197581550841e-03
3.369715936819762947e-03
3.224469560232704184e-03
3.338730043147857072e-03
3.191547048206304273e-03
3.075349946936656916e-03
3.150878062761927785e-03
3.164434391243386470e-03
3.131511879216986559e-03
2.982392265920939291e-03
2.885561348196233594e-03
2.899117676677692278e-03
2.858448691233316224e-03
2.676406565910869045e-03
2.941723280476563236e-03
2.846828981106351141e-03
2.736441734900186759e-03
2.604751686794586681e-03
2.589258739958633961e-03
2.612498160212563258e-03
2.600878450085598610e-03
2.647357290593457205e-03
2.548589754514257472e-03
2.651230527302445711e-03
2.536970044387292823e-03
2.533096807678304318e-03
2.566019319704704229e-03
2.414963088054163359e-03
2.430456034890116079e-03
2.502110914006398443e-03
2.436265889953598621e-03
2.413026469699669323e-03
2.426582798181128008e-03
2.366547629191810293e-03
2.385913812736751519e-03
2.376230720964280906e-03
2.403343377927198710e-03
2.325878643747433805e-03
2.335561735519904418e-03
2.263906856403622055e-03
2.236794199440704685e-03
2.250350527922163370e-03
2.211618160832280917e-03
2.258097001340139947e-03
2.209681542477786882e-03
2.060561929181740047e-03
2.091547822853645922e-03
2.097357677917128030e-03
2.066371784245222155e-03
2.060561929181740047e-03
2.124470334880045833e-03
2.047005600700281362e-03
1.971477484875010493e-03
1.894012750695246022e-03
2.017956325382869523e-03
1.924998644367151897e-03
1.899822605758728347e-03
1.917252170949175320e-03
1.888202895631763698e-03
1.952111301330069484e-03
1.775879031071104846e-03
1.909505697531198960e-03
1.907569079176704707e-03
1.841724055123904885e-03
1.864963475377834183e-03
1.878519803859293085e-03
1.837850818414916597e-03
1.808801543097504757e-03
1.744893137399198971e-03
1.694541060182352087e-03
1.688731205118869545e-03
1.611266470939105074e-03
1.619012944357081435e-03
1.700350915245834411e-03
1.651935456383481346e-03
1.741019900690210682e-03
1.588027050685175559e-03
1.549294683595293324e-03
1.576407340558210910e-03
1.665491784864940247e-03
1.653872074737975598e-03
1.607393234230116786e-03
1.582217195621693235e-03
1.578343958912704946e-03
1.597710142457646173e-03
1.560914393722257973e-03
1.537674973468328458e-03
1.512498934859905124e-03
1.479576422833504996e-03
1.555104538658775648e-03
1.570597485494728586e-03
1.498942606378446223e-03
1.479576422833504996e-03
1.454400384225081446e-03
1.564787630431246261e-03
1.460210239288563987e-03
1.514435553214399160e-03
1.458273620934069734e-03
1.365315939918352109e-03
1.423414490553175571e-03
1.388555360172281624e-03
1.409858162071716886e-03
1.417604635489693246e-03
1.436970819034634472e-03
1.435034200680140436e-03
1.371125794981834433e-03
1.198766761431858084e-03
1.283977969029599349e-03
1.386618741817787371e-03
1.378872268399811011e-03
1.371125794981834433e-03
1.309154007638022683e-03
1.268485022193646412e-03
1.299470915865552287e-03
1.322710336119481585e-03
1.252992075357693474e-03
1.328520191182963909e-03
1.301407534220046323e-03
1.289787824093081674e-03
1.316900481055999260e-03
1.270421640548140448e-03
1.268485022193646412e-03
1.274294877257128736e-03
1.274294877257128736e-03
1.225879418394775671e-03
1.222006181685787599e-03
1.280104732320611061e-03
1.258801930421175799e-03
1.225879418394775671e-03
1.206513234849834661e-03
1.239435746876234572e-03
1.138731592442540587e-03
1.177463959532422822e-03
1.233625891812752248e-03
1.165844249405458173e-03
1.214259708267811022e-03
1.227816036749269923e-03
1.146478065860516947e-03
1.233625891812752248e-03
1.237499128521740537e-03
1.090316133580187521e-03
1.160034394341975849e-03
1.163907631050964137e-03
1.183273814595905147e-03
1.291724442447575710e-03
1.161971012696469885e-03
1.173590722823434533e-03
1.160034394341975849e-03
1.161971012696469885e-03
1.163907631050964137e-03
1.132921737379058262e-03
1.101935843707152387e-03
1.123238645606587649e-03
1.177463959532422822e-03
1.158097775987481596e-03
1.117428790543105325e-03
1.065140094971764187e-03
1.105809080416140459e-03
1.072886568389740548e-03
1.111618935479623000e-03
1.130985119024564009e-03
1.094189370289175810e-03
9.973584525644701125e-04
1.082569660162211161e-03
1.053520384844799321e-03
1.090316133580187521e-03
1.150351302569505236e-03
1.047710529781316997e-03
1.057393621553787610e-03
1.065140094971764187e-03
1.074823186744234584e-03
1.061266858262775899e-03
1.022534491172893446e-03
1.059330239908281863e-03
1.028344346236375988e-03
1.022534491172893446e-03
9.702457956015524175e-04
1.055457003199293574e-03
1.028344346236375988e-03
1.008978162691434761e-03
1.063203476617269935e-03
9.818655057285171749e-04
9.721824139560465618e-04
1.038027438008846384e-03
1.076759805098728836e-03
1.005104925982446473e-03
9.373232835751523981e-04
1.076759805098728836e-03
1.051583766490305286e-03
9.779922690195288863e-04
9.992950709189641484e-04
9.353866652206582538e-04
1.024471109527387699e-03
9.876753607919994994e-04
1.069013331680752259e-03
9.295768101571759293e-04
9.992950709189641484e-04
9.663725588925641289e-04
9.818655057285171749e-04
1.014788017754917086e-03
9.353866652206582538e-04
9.760556506650347420e-04
8.598585493953877102e-04
9.315134285116700736e-04
9.663725588925641289e-04
9.683091772470582732e-04
9.489429937021171555e-04
9.276401918026817850e-04
9.353866652206582538e-04
9.566894671200936243e-04
9.876753607919994994e-04
8.947176797762818740e-04
9.257035734481877491e-04
9.547528487655994800e-04
9.121472449667288474e-04
9.005275348397641984e-04
8.753514962313406478e-04
8.830979696493171166e-04
8.792247329403289364e-04
9.024641531942583427e-04
9.218303367391994605e-04
8.985909164852700541e-04
9.160204816757171360e-04
8.850345880038112609e-04
9.140838633212229917e-04
9.295768101571759293e-04
9.121472449667288474e-04
8.656684044588701431e-04
8.830979696493171166e-04
8.947176797762818740e-04
8.443656025594347726e-04
9.644359405380700931e-04
8.521120759774112414e-04
8.850345880038112609e-04
8.598585493953877102e-04
8.501754576229172055e-04
8.676050228133641790e-04
7.901402886335995995e-04
8.772881145858347921e-04
9.082740082577406672e-04
8.772881145858347921e-04
8.598585493953877102e-04
8.501754576229172055e-04
8.482388392684230612e-04
8.249994190144936549e-04
8.308092740779759794e-04
8.656684044588701431e-04
8.676050228133641790e-04
8.036966171150583928e-04
8.772881145858347921e-04
8.133797088875290059e-04
8.540486943319053857e-04
8.366191291414583038e-04
8.230628006599995106e-04
7.707741050886583734e-04
8.036966171150583928e-04
7.959501436970819240e-04
8.366191291414583038e-04
7.959501436970819240e-04
8.385557474959524481e-04
7.959501436970819240e-04
8.482388392684230612e-04
7.862670519246113109e-04
7.940135253425877797e-04
7.649642500251760489e-04
7.978867620515760683e-04
7.959501436970819240e-04
7.843304335701171666e-04
7.940135253425877797e-04
7.339783563532701737e-04
7.397882114167524982e-04
7.301051196442819935e-04
7.591543949616937244e-04
7.727107234431525177e-04
8.095064721785407173e-04
7.746473417976466620e-04
7.998233804060701042e-04
7.475346848347289670e-04
7.978867620515760683e-04
7.901402886335995995e-04
7.455980664802348227e-04
7.359149747077643180e-04
7.649642500251760489e-04
7.552811582527054358e-04
7.649642500251760489e-04
7.591543949616937244e-04
7.397882114167524982e-04
7.262318829352937049e-04
7.417248297712466425e-04
6.739431873639525677e-04
7.320417379987760294e-04
7.204220278718113804e-04
7.727107234431525177e-04
7.242952645807995606e-04
7.320417379987760294e-04
7.281685012897878492e-04
7.475346848347289670e-04
8.075698538240465730e-04
6.894361341999055053e-04
7.029924626813642986e-04
7.049290810358584429e-04
7.359149747077643180e-04
7.397882114167524982e-04
7.417248297712466425e-04
7.591543949616937244e-04
7.494713031892231113e-04
7.242952645807995606e-04
6.913727525543996496e-04
6.855628974909172167e-04
7.126755544538349117e-04
7.010558443268701543e-04
7.146121728083290560e-04
7.204220278718113804e-04
6.700699506549642791e-04
7.029924626813642986e-04
7.262318829352937049e-04
7.455980664802348227e-04
7.475346848347289670e-04
7.146121728083290560e-04
7.165487911628230918e-04
7.029924626813642986e-04
6.913727525543996496e-04
7.339783563532701737e-04
6.661967139459760989e-04
7.436614481257407868e-04
6.933093709088936855e-04
7.281685012897878492e-04
6.758798057184467120e-04
6.758798057184467120e-04
6.991192259723761184e-04
6.526403854645173057e-04
7.301051196442819935e-04
7.146121728083290560e-04
6.410206753375525483e-04
6.623234772369878103e-04
6.139080183746349617e-04
6.352108202740702238e-04
6.778164240729407479e-04
6.758798057184467120e-04
6.855628974909172167e-04
6.332742019195760795e-04
7.301051196442819935e-04
6.352108202740702238e-04
6.603868588824937744e-04
6.758798057184467120e-04
6.758798057184467120e-04
6.758798057184467120e-04
6.274643468560937550e-04
6.255277285015996107e-04
6.390840569830585124e-04
6.661967139459760989e-04
6.913727525543996496e-04
6.778164240729407479e-04
5.887319797662114110e-04
6.448939120465408369e-04
6.158446367291291060e-04
6.603868588824937744e-04
6.255277285015996107e-04
6.235911101471055748e-04
6.661967139459760989e-04
6.487671487555290170e-04
5.190137190044231920e-04
6.526403854645173057e-04
6.642600955914819546e-04
6.061615449566584929e-04
6.274643468560937550e-04
6.661967139459760989e-04
6.274643468560937550e-04
6.410206753375525483e-04
6.274643468560937550e-04
5.906685981207055553e-04
6.603868588824937744e-04
6.700699506549642791e-04
6.274643468560937550e-04
6.197178734381172862e-04
6.410206753375525483e-04
6.371474386285643681e-04
6.119714000201408174e-04
6.042249266021643486e-04
5.790488879937407980e-04
6.313375835650820436e-04
6.332742019195760795e-04
6.080981633111526372e-04
6.313375835650820436e-04
5.345066658403761295e-04
6.003516898931761684e-04
6.119714000201408174e-04
6.022883082476702043e-04
6.352108202740702238e-04
5.964784531841878798e-04
6.255277285015996107e-04
6.448939120465408369e-04
6.100347816656466731e-04
6.216544917926114305e-04
5.558094677398115000e-04
5.732390329302584735e-04
6.216544917926114305e-04
6.100347816656466731e-04
5.693657962212702933e-04
5.887319797662114110e-04
6.197178734381172862e-04
5.809855063482349423e-04
6.003516898931761684e-04
6.061615449566584929e-04
5.577460860943055359e-04
5.887319797662114110e-04
6.042249266021643486e-04
5.403165209038585624e-04
5.499996126763290671e-04
5.422531392583525983e-04
6.003516898931761684e-04
5.809855063482349423e-04
5.771122696392467621e-04
5.984150715386820241e-04
5.441897576128467426e-04
5.306334291313879493e-04
5.790488879937407980e-04
6.042249266021643486e-04
5.906685981207055553e-04
5.286968107768938050e-04
5.887319797662114110e-04
5.499996126763290671e-04
5.732390329302584735e-04
5.558094677398115000e-04
5.887319797662114110e-04
5.073940088774585430e-04
6.061615449566584929e-04
5.325700474858820936e-04
5.771122696392467621e-04
5.480629943218350312e-04
5.713024145757643292e-04
5.461263759673408869e-04
5.228869557134114806e-04
5.674291778667761490e-04
5.674291778667761490e-04
5.848587430572232309e-04
5.693657962212702933e-04
5.267601924223996607e-04
5.635559411577879688e-04
5.441897576128467426e-04
5.809855063482349423e-04
5.403165209038585624e-04
4.957742987504937856e-04
5.364432841948702738e-04
5.383799025493644181e-04
5.422531392583525983e-04
5.538728493853173557e-04
5.887319797662114110e-04
5.461263759673408869e-04
5.558094677398115000e-04
5.751756512847526178e-04
5.674291778667761490e-04
5.480629943218350312e-04
5.441897576128467426e-04
5.073940088774585430e-04
5.093306272319526873e-04
5.422531392583525983e-04
5.461263759673408869e-04
5.558094677398115000e-04
5.228869557134114806e-04
5.383799025493644181e-04
5.209503373589173363e-04
5.596827044487996802e-04
4.919010620415056054e-04
5.674291778667761490e-04
5.829221247027290866e-04
5.364432841948702738e-04
4.977109171049879299e-04
5.441897576128467426e-04
5.286968107768938050e-04
5.635559411577879688e-04
5.422531392583525983e-04
4.899644436870114611e-04
5.461263759673408869e-04
4.822179702690350465e-04
5.093306272319526873e-04
5.209503373589173363e-04
5.035207721684702544e-04
4.899644436870114611e-04
5.345066658403761295e-04
5.228869557134114806e-04
5.209503373589173363e-04
4.492954582426350271e-04
5.035207721684702544e-04
4.705982601420703433e-04
4.938376803959997497e-04
5.984150715386820241e-04
4.899644436870114611e-04
5.383799025493644181e-04
5.093306272319526873e-04
5.073940088774585430e-04
5.248235740679056249e-04
4.802813519145409022e-04
5.151404822954350118e-04
5.325700474858820936e-04
5.190137190044231920e-04
4.628517867240938746e-04
5.112672455864467232e-04
4.783447335600468121e-04
4.841545886235291366e-04
4.705982601420703433e-04
4.957742987504937856e-04
4.957742987504937856e-04
4.841545886235291366e-04
4.686616417875761990e-04
4.860912069780232809e-04
4.628517867240938746e-04
5.093306272319526873e-04
5.073940088774585430e-04
4.880278253325173710e-04
4.705982601420703433e-04
4.628517867240938746e-04
5.054573905229643987e-04
4.570419316606114959e-04
4.938376803959997497e-04
4.957742987504937856e-04
4.473588398881409370e-04
4.899644436870114611e-04
4.473588398881409370e-04
5.248235740679056249e-04
4.744714968510585777e-04
4.860912069780232809e-04
4.802813519145409022e-04
4.531686949516232615e-04
4.589785500151056402e-04
4.802813519145409022e-04
4.744714968510585777e-04
4.667250234330821089e-04
5.093306272319526873e-04
5.054573905229643987e-04
4.512320765971291714e-04
4.667250234330821089e-04
4.492954582426350271e-04
4.705982601420703433e-04
4.899644436870114611e-04
5.073940088774585430e-04
4.841545886235291366e-04
4.802813519145409022e-04
4.454222215336467927e-04
4.551053133061174058e-04
4.531686949516232615e-04
4.473588398881409370e-04
4.454222215336467927e-04
4.473588398881409370e-04
4.686616417875761990e-04
4.589785500151056402e-04
4.338025114066820895e-04
4.628517867240938746e-04
4.434856031791527026e-04
4.705982601420703433e-04
4.609151683695997303e-04
4.279926563431997650e-04
4.628517867240938746e-04
4.163729462162350618e-04
4.396123664701644682e-04
4.279926563431997650e-04
4.260560379887056207e-04
4.202461829252232962e-04
4.647884050785879646e-04
4.105630911527526831e-04
4.744714968510585777e-04
4.454222215336467927e-04
4.338025114066820895e-04
4.183095645707291519e-04
4.589785500151056402e-04
4.066898544437645029e-04
4.318658930521879994e-04
4.802813519145409022e-04
4.221828012797173863e-04
4.163729462162350618e-04
4.299292746976938551e-04
4.202461829252232962e-04
4.609151683695997303e-04
4.279926563431997650e-04
4.086264727982585930e-04
3.989433810257880342e-04
3.989433810257880342e-04
4.531686949516232615e-04
3.970067626712938899e-04
4.492954582426350271e-04
4.705982601420703433e-04
4.338025114066820895e-04
4.241194196342115306e-04
4.163729462162350618e-04
4.512320765971291714e-04
4.338025114066820895e-04
4.454222215336467927e-04
4.376757481156703239e-04
4.357391297611762338e-04
4.260560379887056207e-04
4.202461829252232962e-04
4.318658930521879994e-04
4.028166177347762686e-04
4.299292746976938551e-04
4.163729462162350618e-04
4.318658930521879994e-04
4.105630911527526831e-04
4.008799993802821243e-04
4.008799993802821243e-04
4.105630911527526831e-04
3.950701443167997998e-04
3.970067626712938899e-04
4.221828012797173863e-04
4.299292746976938551e-04
3.970067626712938899e-04
3.853870525443291867e-04
4.279926563431997650e-04
4.066898544437645029e-04
3.892602892533174211e-04
3.853870525443291867e-04
4.512320765971291714e-04
3.911969076078115654e-04
4.183095645707291519e-04
3.931335259623056555e-04
3.950701443167997998e-04
3.950701443167997998e-04
4.299292746976938551e-04
3.737673424173644835e-04
4.163729462162350618e-04
3.757039607718586278e-04
3.892602892533174211e-04
3.950701443167997998e-04
3.737673424173644835e-04
4.744714968510585777e-04
3.640842506448939246e-04
3.369715936819762839e-04
4.028166177347762686e-04
3.853870525443291867e-04
3.602110139359056902e-04
3.970067626712938899e-04
3.156687917825410218e-04
3.970067626712938899e-04
3.950701443167997998e-04
3.853870525443291867e-04
3.718307240628703934e-04
3.698941057083762491e-04
3.602110139359056902e-04
3.660208689993880147e-04
3.718307240628703934e-04
3.698941057083762491e-04
3.911969076078115654e-04
3.970067626712938899e-04
3.698941057083762491e-04
3.563377772269174558e-04
4.008799993802821243e-04
3.970067626712938899e-04
3.544011588724233115e-04
4.066898544437645029e-04
3.621476322903997803e-04
3.582743955814115459e-04
3.931335259623056555e-04
3.815138158353409523e-04
3.718307240628703934e-04
3.679574873538821590e-04
3.660208689993880147e-04
4.008799993802821243e-04
3.544011588724233115e-04
3.563377772269174558e-04
3.602110139359056902e-04
3.931335259623056555e-04
3.156687917825410218e-04
3.737673424173644835e-04
3.718307240628703934e-04
3.485913038089409870e-04
3.563377772269174558e-04
3.330983569729880495e-04
3.505279221634350771e-04
3.757039607718586278e-04
3.737673424173644835e-04
3.989433810257880342e-04
3.815138158353409523e-04
3.563377772269174558e-04
3.950701443167997998e-04
3.757039607718586278e-04
3.776405791263527179e-04
3.776405791263527179e-04
3.621476322903997803e-04
3.757039607718586278e-04
3.757039607718586278e-04
3.505279221634350771e-04
3.369715936819762839e-04
3.079223183645645530e-04
3.466546854544468427e-04
3.524645405179292214e-04
3.427814487454586083e-04
3.350349753274821396e-04
3.795771974808468622e-04
3.563377772269174558e-04
3.485913038089409870e-04
3.311617386184939052e-04
3.640842506448939246e-04
3.524645405179292214e-04
3.311617386184939052e-04
3.369715936819762839e-04
3.466546854544468427e-04
3.505279221634350771e-04
3.524645405179292214e-04
3.563377772269174558e-04
3.485913038089409870e-04
3.408448303909645183e-04
3.466546854544468427e-04
3.369715936819762839e-04
3.427814487454586083e-04
3.408448303909645183e-04
4.241194196342115306e-04
3.660208689993880147e-04
3.640842506448939246e-04
3.466546854544468427e-04
3.389082120364703739e-04
3.408448303909645183e-04
3.253518835550115807e-04
3.602110139359056902e-04
3.311617386184939052e-04
3.408448303909645183e-04
3.234152652005174906e-04
3.040490816555763186e-04
3.350349753274821396e-04
3.311617386184939052e-04
3.621476322903997803e-04
3.079223183645645530e-04
3.234152652005174906e-04
3.466546854544468427e-04
3.311617386184939052e-04
3.485913038089409870e-04
3.485913038089409870e-04
3.330983569729880495e-04
3.447180670999527526e-04
3.292251202639998151e-04
3.214786468460233463e-04
3.253518835550115807e-04
3.408448303909645183e-04
3.408448303909645183e-04
3.389082120364703739e-04
3.253518835550115807e-04
2.614434778567057403e-04
3.330983569729880495e-04
3.660208689993880147e-04
3.176054101370351119e-04
3.602110139359056902e-04
3.408448303909645183e-04
3.931335259623056555e-04
3.330983569729880495e-04
3.137321734280468775e-04
3.544011588724233115e-04
3.079223183645645530e-04
3.350349753274821396e-04
2.749998063381645336e-04
3.253518835550115807e-04
3.389082120364703739e-04
3.292251202639998151e-04
3.234152652005174906e-04
3.544011588724233115e-04
3.272885019095056708e-04
3.485913038089409870e-04
3.389082120364703739e-04
3.544011588724233115e-04
2.963026082375998498e-04
3.214786468460233463e-04
3.970067626712938899e-04
3.350349753274821396e-04
3.485913038089409870e-04
3.117955550735527874e-04
3.427814487454586083e-04
3.427814487454586083e-04
3.350349753274821396e-04
3.176054101370351119e-04
3.447180670999527526e-04
3.234152652005174906e-04
3.214786468460233463e-04
3.466546854544468427e-04
3.234152652005174906e-04
2.788730430471527679e-04
3.292251202639998151e-04
3.214786468460233463e-04
3.176054101370351119e-04
3.117955550735527874e-04
2.672533329201880648e-04
3.214786468460233463e-04
2.866195164651292367e-04
3.176054101370351119e-04
3.176054101370351119e-04
3.059857000100704087e-04
2.846828981106351466e-04
3.059857000100704087e-04
2.943659898831057055e-04
3.176054101370351119e-04
2.943659898831057055e-04
3.234152652005174906e-04
3.350349753274821396e-04
3.350349753274821396e-04
2.982392265920939399e-04
3.214786468460233463e-04
3.214786468460233463e-04
2.982392265920939399e-04
2.982392265920939399e-04
3.330983569729880495e-04
3.292251202639998151e-04
3.176054101370351119e-04
3.156687917825410218e-04
3.117955550735527874e-04
3.040490816555763186e-04
2.478871493752468928e-04
3.021124633010821743e-04
2.788730430471527679e-04
2.943659898831057055e-04
3.176054101370351119e-04
2.730631879836704435e-04
3.253518835550115807e-04
3.098589367190586431e-04
3.021124633010821743e-04
3.059857000100704087e-04
3.137321734280468775e-04
3.040490816555763186e-04
2.846828981106351466e-04
2.866195164651292367e-04
2.885561348196233810e-04
2.904927531741174711e-04
2.827462797561410023e-04
2.556336227932233616e-04
3.040490816555763186e-04
3.021124633010821743e-04
2.846828981106351466e-04
3.001758449465880842e-04
3.176054101370351119e-04
2.866195164651292367e-04
3.098589367190586431e-04
3.001758449465880842e-04
2.963026082375998498e-04
2.963026082375998498e-04
2.711265696291762992e-04
3.040490816555763186e-04
2.769364246926586779e-04
3.234152652005174906e-04
2.478871493752468928e-04
3.059857000100704087e-04
3.021124633010821743e-04
3.079223183645645530e-04
3.098589367190586431e-04
3.001758449465880842e-04
2.924293715286116154e-04
2.614434778567057403e-04
2.963026082375998498e-04
2.672533329201880648e-04
2.924293715286116154e-04
3.040490816555763186e-04
2.963026082375998498e-04
2.885561348196233810e-04
3.156687917825410218e-04
3.001758449465880842e-04
3.001758449465880842e-04
2.827462797561410023e-04
3.079223183645645530e-04
2.982392265920939399e-04
2.691899512746822091e-04
2.633800962111998304e-04
3.485913038089409870e-04
3.079223183645645530e-04
3.505279221634350771e-04
2.517603860842351272e-04
2.827462797561410023e-04
2.769364246926586779e-04
3.176054101370351119e-04
3.001758449465880842e-04
3.447180670999527526e-04
2.963026082375998498e-04
3.195420284915292562e-04
2.827462797561410023e-04
2.730631879836704435e-04
2.207744924123292791e-04
2.982392265920939399e-04
2.788730430471527679e-04
3.059857000100704087e-04
2.963026082375998498e-04
3.040490816555763186e-04
2.769364246926586779e-04
3.408448303909645183e-04
2.982392265920939399e-04
2.498237677297410371e-04
2.866195164651292367e-04
2.904927531741174711e-04
2.711265696291762992e-04
2.614434778567057403e-04
2.943659898831057055e-04
2.749998063381645336e-04
2.730631879836704435e-04
2.885561348196233810e-04
2.788730430471527679e-04
2.769364246926586779e-04
2.691899512746822091e-04
2.788730430471527679e-04
2.691899512746822091e-04
2.866195164651292367e-04
2.846828981106351466e-04
2.769364246926586779e-04
2.653167145656939747e-04
2.595068595022115960e-04
2.633800962111998304e-04
2.885561348196233810e-04
2.866195164651292367e-04
2.362674392482822167e-04
2.730631879836704435e-04
2.614434778567057403e-04
2.788730430471527679e-04
2.808096614016469122e-04
2.633800962111998304e-04
2.595068595022115960e-04
2.614434778567057403e-04
2.633800962111998304e-04
2.885561348196233810e-04
2.595068595022115960e-04
2.575702411477175059e-04
2.749998063381645336e-04
2.711265696291762992e-04
2.672533329201880648e-04
2.904927531741174711e-04
2.323942025392939823e-04
3.079223183645645530e-04
2.711265696291762992e-04
2.653167145656939747e-04
2.769364246926586779e-04
2.866195164651292367e-04
2.382040576027763339e-04
2.575702411477175059e-04
2.885561348196233810e-04
2.672533329201880648e-04
2.478871493752468928e-04
2.595068595022115960e-04
2.420772943117645683e-04
2.749998063381645336e-04
2.982392265920939399e-04
2.614434778567057403e-04
2.575702411477175059e-04
2.265843474758116307e-04
2.633800962111998304e-04
2.633800962111998304e-04
2.672533329201880648e-04
2.691899512746822091e-04
2.440139126662586855e-04
2.595068595022115960e-04
2.614434778567057403e-04
2.749998063381645336e-04
2.440139126662586855e-04
2.691899512746822091e-04
2.575702411477175059e-04
2.711265696291762992e-04
2.459505310207528027e-04
2.653167145656939747e-04
2.749998063381645336e-04
2.749998063381645336e-04
2.614434778567057403e-04
2.711265696291762992e-04
2.556336227932233616e-04
2.420772943117645683e-04
2.788730430471527679e-04
2.498237677297410371e-04
2.227111107668233963e-04
2.323942025392939823e-04
2.343308208937880995e-04
2.420772943117645683e-04
2.691899512746822091e-04
2.633800962111998304e-04
2.769364246926586779e-04
2.362674392482822167e-04
2.091547822853645760e-04
2.536970044387292715e-04
2.653167145656939747e-04
2.517603860842351272e-04
2.536970044387292715e-04
2.382040576027763339e-04
2.536970044387292715e-04
2.227111107668233963e-04
2.440139126662586855e-04
2.556336227932233616e-04
2.323942025392939823e-04
2.420772943117645683e-04
2.498237677297410371e-04
2.459505310207528027e-04
2.285209658303057479e-04
2.536970044387292715e-04
2.285209658303057479e-04
2.595068595022115960e-04
2.227111107668233963e-04
2.149646373488469276e-04
2.227111107668233963e-04
2.265843474758116307e-04
2.149646373488469276e-04
2.536970044387292715e-04
2.246477291213175135e-04
2.788730430471527679e-04
2.478871493752468928e-04
2.536970044387292715e-04
2.343308208937880995e-04
2.536970044387292715e-04
2.265843474758116307e-04
2.207744924123292791e-04
2.459505310207528027e-04
2.478871493752468928e-04
2.653167145656939747e-04
2.478871493752468928e-04
2.440139126662586855e-04
2.382040576027763339e-04
2.478871493752468928e-04
2.265843474758116307e-04
2.653167145656939747e-04
2.614434778567057403e-04
2.633800962111998304e-04
2.440139126662586855e-04
2.517603860842351272e-04
2.343308208937880995e-04
2.207744924123292791e-04
2.188378740578351619e-04
1.897885987404234311e-04
2.052815455763763416e-04
2.207744924123292791e-04
2.556336227932233616e-04
2.246477291213175135e-04
2.169012557033410447e-04
2.343308208937880995e-04
2.536970044387292715e-04
2.478871493752468928e-04
2.246477291213175135e-04
2.285209658303057479e-04
2.401406759572704511e-04
2.459505310207528027e-04
2.188378740578351619e-04
1.704224151954822591e-04
1.994716905128940171e-04
2.033449272218822515e-04
1.781688886134587279e-04
2.517603860842351272e-04
2.343308208937880995e-04
2.498237677297410371e-04
2.110914006398586932e-04
2.246477291213175135e-04
2.595068595022115960e-04
1.897885987404234311e-04
2.149646373488469276e-04
2.265843474758116307e-04
2.440139126662586855e-04
2.188378740578351619e-04
2.188378740578351619e-04
2.420772943117645683e-04
2.149646373488469276e-04
2.556336227932233616e-04
2.246477291213175135e-04
2.459505310207528027e-04
2.420772943117645683e-04
2.362674392482822167e-04
2.304575841847998651e-04
2.110914006398586932e-04
2.188378740578351619e-04
2.207744924123292791e-04
2.440139126662586855e-04
2.149646373488469276e-04
2.188378740578351619e-04
1.936618354494116655e-04
2.343308208937880995e-04
2.227111107668233963e-04
2.459505310207528027e-04
2.188378740578351619e-04
2.169012557033410447e-04
2.169012557033410447e-04
2.246477291213175135e-04
2.265843474758116307e-04
2.188378740578351619e-04
2.188378740578351619e-04
2.362674392482822167e-04
2.169012557033410447e-04
2.188378740578351619e-04
2.014083088673881343e-04
1.994716905128940171e-04
2.420772943117645683e-04
1.859153620314351967e-04
1.994716905128940171e-04
2.265843474758116307e-04
2.227111107668233963e-04
2.285209658303057479e-04
2.091547822853645760e-04
1.839787436769410795e-04
2.091547822853645760e-04
7.359149747077642638e-05
2.304575841847998651e-04
2.227111107668233963e-04
2.014083088673881343e-04
2.052815455763763416e-04
1.878519803859293139e-04
2.052815455763763416e-04
2.149646373488469276e-04
1.955984538039057827e-04
2.130280189943528104e-04
1.917252170949175483e-04
2.149646373488469276e-04
1.975350721583998999e-04
2.110914006398586932e-04
1.626759417775057903e-04
2.091547822853645760e-04
2.033449272218822515e-04
2.014083088673881343e-04
2.091547822853645760e-04
2.188378740578351619e-04
2.052815455763763416e-04
1.994716905128940171e-04
2.091547822853645760e-04
1.975350721583998999e-04
2.014083088673881343e-04
2.188378740578351619e-04
1.917252170949175483e-04
1.820421253224469623e-04
2.033449272218822515e-04
2.072181639308704588e-04
1.917252170949175483e-04
1.994716905128940171e-04
2.072181639308704588e-04
2.052815455763763416e-04
2.014083088673881343e-04
1.878519803859293139e-04
1.975350721583998999e-04
1.839787436769410795e-04
2.072181639308704588e-04
1.801055069679528451e-04
2.110914006398586932e-04
1.917252170949175483e-04
2.072181639308704588e-04
2.014083088673881343e-04
2.072181639308704588e-04
2.091547822853645760e-04
1.975350721583998999e-04
1.665491784864940247e-04
2.130280189943528104e-04
1.994716905128940171e-04
2.246477291213175135e-04
2.169012557033410447e-04
1.897885987404234311e-04
2.169012557033410447e-04
1.994716905128940171e-04
2.207744924123292791e-04
1.975350721583998999e-04
2.033449272218822515e-04
1.839787436769410795e-04
2.169012557033410447e-04
2.227111107668233963e-04
1.801055069679528451e-04
2.149646373488469276e-04
1.859153620314351967e-04
2.052815455763763416e-04
1.626759417775057903e-04
1.936618354494116655e-04
1.820421253224469623e-04
1.917252170949175483e-04
1.917252170949175483e-04
1.936618354494116655e-04
1.917252170949175483e-04
2.091547822853645760e-04
2.130280189943528104e-04
2.091547822853645760e-04
1.917252170949175483e-04
2.052815455763763416e-04
2.091547822853645760e-04
1.820421253224469623e-04
2.033449272218822515e-04
1.801055069679528451e-04
2.091547822853645760e-04
2.110914006398586932e-04
1.762322702589646107e-04
2.052815455763763416e-04
1.820421253224469623e-04
1.859153620314351967e-04
2.072181639308704588e-04
1.917252170949175483e-04
1.994716905128940171e-04
2.014083088673881343e-04
1.936618354494116655e-04
2.072181639308704588e-04
2.091547822853645760e-04
1.510562316505410872e-04
1.839787436769410795e-04
2.052815455763763416e-04
1.839787436769410795e-04
1.955984538039057827e-04
2.362674392482822167e-04
2.014083088673881343e-04
1.839787436769410795e-04
1.839787436769410795e-04
2.091547822853645760e-04
2.072181639308704588e-04
1.646125601319999075e-04
1.859153620314351967e-04
1.859153620314351967e-04
1.917252170949175483e-04
1.684857968409881419e-04
1.839787436769410795e-04
1.955984538039057827e-04
2.014083088673881343e-04
1.607393234230116731e-04
2.014083088673881343e-04
1.878519803859293139e-04
1.820421253224469623e-04
1.820421253224469623e-04
2.033449272218822515e-04
1.955984538039057827e-04
1.859153620314351967e-04
1.897885987404234311e-04
1.878519803859293139e-04
1.936618354494116655e-04
2.130280189943528104e-04
1.994716905128940171e-04
1.994716905128940171e-04
2.014083088673881343e-04
1.568660867140234387e-04
1.955984538039057827e-04
1.917252170949175483e-04
1.607393234230116731e-04
1.936618354494116655e-04
1.433097582325646184e-04
1.839787436769410795e-04
1.936618354494116655e-04
1.665491784864940247e-04
1.955984538039057827e-04
1.994716905128940171e-04
1.994716905128940171e-04
1.878519803859293139e-04
1.665491784864940247e-04
1.781688886134587279e-04
1.839787436769410795e-04
1.704224151954822591e-04
1.859153620314351967e-04
2.110914006398586932e-04
1.878519803859293139e-04
1.839787436769410795e-04
1.549294683595293215e-04
1.762322702589646107e-04
2.110914006398586932e-04
1.762322702589646107e-04
1.859153620314351967e-04
2.033449272218822515e-04
1.975350721583998999e-04
1.839787436769410795e-04
1.897885987404234311e-04
1.742956519044704935e-04
1.897885987404234311e-04
1.781688886134587279e-04
1.394365215235763840e-04
1.742956519044704935e-04
1.781688886134587279e-04
1.859153620314351967e-04
1.723590335499763763e-04
1.859153620314351967e-04
1.878519803859293139e-04
1.955984538039057827e-04
1.859153620314351967e-04
1.897885987404234311e-04
1.665491784864940247e-04
1.975350721583998999e-04
2.091547822853645760e-04
1.665491784864940247e-04
1.684857968409881419e-04
1.801055069679528451e-04
1.781688886134587279e-04
2.149646373488469276e-04
1.316900481055999152e-04
1.452463765870587356e-04
1.762322702589646107e-04
1.762322702589646107e-04
1.626759417775057903e-04
1.897885987404234311e-04
1.801055069679528451e-04
1.839787436769410795e-04
1.723590335499763763e-04
1.917252170949175483e-04
1.762322702589646107e-04
1.704224151954822591e-04
1.665491784864940247e-04
1.762322702589646107e-04
1.607393234230116731e-04
1.762322702589646107e-04
1.781688886134587279e-04
1.607393234230116731e-04
1.646125601319999075e-04
2.130280189943528104e-04
1.781688886134587279e-04
1.859153620314351967e-04
1.723590335499763763e-04
1.762322702589646107e-04
1.897885987404234311e-04
1.839787436769410795e-04
1.684857968409881419e-04
1.607393234230116731e-04
1.781688886134587279e-04
1.646125601319999075e-04
1.781688886134587279e-04
1.626759417775057903e-04
1.878519803859293139e-04
1.742956519044704935e-04
1.607393234230116731e-04
1.723590335499763763e-04
1.801055069679528451e-04
1.704224151954822591e-04
1.781688886134587279e-04
1.607393234230116731e-04
1.897885987404234311e-04
1.801055069679528451e-04
1.704224151954822591e-04
1.355632848145881496e-04
1.878519803859293139e-04
1.723590335499763763e-04
1.491196132960469700e-04
1.607393234230116731e-04
1.781688886134587279e-04
1.471829949415528528e-04
1.549294683595293215e-04
1.665491784864940247e-04
1.607393234230116731e-04
1.607393234230116731e-04
1.723590335499763763e-04
1.781688886134587279e-04
1.316900481055999152e-04
1.762322702589646107e-04
1.626759417775057903e-04
1.549294683595293215e-04
2.052815455763763416e-04
1.549294683595293215e-04
1.781688886134587279e-04
1.684857968409881419e-04
1.762322702589646107e-04
1.975350721583998999e-04
1.646125601319999075e-04
1.742956519044704935e-04
1.723590335499763763e-04
1.859153620314351967e-04
1.549294683595293215e-04
1.704224151954822591e-04
1.742956519044704935e-04
1.897885987404234311e-04
1.529928500050352044e-04
1.839787436769410795e-04
1.607393234230116731e-04
1.801055069679528451e-04
1.491196132960469700e-04
1.742956519044704935e-04
1.607393234230116731e-04
1.433097582325646184e-04
1.626759417775057903e-04
1.646125601319999075e-04
1.665491784864940247e-04
1.801055069679528451e-04
1.646125601319999075e-04
1.588027050685175559e-04
1.839787436769410795e-04
1.549294683595293215e-04
1.549294683595293215e-04
1.742956519044704935e-04
1.626759417775057903e-04
1.684857968409881419e-04
1.607393234230116731e-04
1.510562316505410872e-04
1.723590335499763763e-04
1.568660867140234387e-04
1.607393234230116731e-04
1.684857968409881419e-04
1.549294683595293215e-04
1.588027050685175559e-04
1.723590335499763763e-04
1.684857968409881419e-04
1.297534297511057980e-04
1.355632848145881496e-04
1.529928500050352044e-04
1.588027050685175559e-04
1.336266664600940324e-04
1.568660867140234387e-04
1.588027050685175559e-04
1.491196132960469700e-04
1.723590335499763763e-04
1.704224151954822591e-04
1.684857968409881419e-04
1.646125601319999075e-04
1.374999031690822668e-04
1.588027050685175559e-04
1.665491784864940247e-04
1.665491784864940247e-04
1.549294683595293215e-04
1.568660867140234387e-04
1.549294683595293215e-04
1.471829949415528528e-04
1.917252170949175483e-04
1.568660867140234387e-04
1.626759417775057903e-04
1.684857968409881419e-04
1.510562316505410872e-04
1.762322702589646107e-04
1.607393234230116731e-04
1.646125601319999075e-04
1.607393234230116731e-04
1.646125601319999075e-04
1.549294683595293215e-04
1.491196132960469700e-04
1.878519803859293139e-04
1.510562316505410872e-04
1.588027050685175559e-04
1.568660867140234387e-04
1.491196132960469700e-04
1.471829949415528528e-04
1.626759417775057903e-04
1.626759417775057903e-04
1.394365215235763840e-04
1.549294683595293215e-04
1.355632848145881496e-04
1.588027050685175559e-04
1.510562316505410872e-04
1.568660867140234387e-04
1.510562316505410872e-04
1.549294683595293215e-04
1.316900481055999152e-04
1.626759417775057903e-04
1.529928500050352044e-04
1.355632848145881496e-04
1.704224151954822591e-04
1.510562316505410872e-04
1.510562316505410872e-04
1.588027050685175559e-04
1.510562316505410872e-04
1.510562316505410872e-04
1.742956519044704935e-04
1.433097582325646184e-04
1.510562316505410872e-04
1.510562316505410872e-04
1.568660867140234387e-04
1.665491784864940247e-04
1.529928500050352044e-04
1.568660867140234387e-04
1.588027050685175559e-04
1.413731398780705012e-04
1.646125601319999075e-04
1.374999031690822668e-04
1.549294683595293215e-04
1.471829949415528528e-04
1.336266664600940324e-04
1.568660867140234387e-04
1.626759417775057903e-04
1.510562316505410872e-04
1.491196132960469700e-04
1.684857968409881419e-04
1.413731398780705012e-04
1.588027050685175559e-04
1.336266664600940324e-04
1.607393234230116731e-04
1.258801930421175636e-04
1.549294683595293215e-04
1.568660867140234387e-04
1.471829949415528528e-04
7.940135253425877797e-05
1.355632848145881496e-04
1.646125601319999075e-04
1.781688886134587279e-04
1.588027050685175559e-04
1.433097582325646184e-04
1.491196132960469700e-04
1.471829949415528528e-04
1.355632848145881496e-04
1.684857968409881419e-04
1.568660867140234387e-04
1.374999031690822668e-04
1.723590335499763763e-04
1.491196132960469700e-04
1.529928500050352044e-04
1.588027050685175559e-04
1.742956519044704935e-04
1.394365215235763840e-04
1.471829949415528528e-04
1.529928500050352044e-04
1.510562316505410872e-04
1.394365215235763840e-04
1.413731398780705012e-04
1.549294683595293215e-04
1.549294683595293215e-04
1.471829949415528528e-04
1.549294683595293215e-04
1.491196132960469700e-04
1.336266664600940324e-04
1.510562316505410872e-04
1.549294683595293215e-04
1.510562316505410872e-04
1.200703379786352256e-04
9.876753607919994994e-05
1.413731398780705012e-04
1.394365215235763840e-04
1.491196132960469700e-04
1.510562316505410872e-04
1.200703379786352256e-04
1.452463765870587356e-04
1.413731398780705012e-04
1.452463765870587356e-04
1.181337196241411084e-04
1.316900481055999152e-04
1.588027050685175559e-04
1.336266664600940324e-04
1.510562316505410872e-04
1.452463765870587356e-04
1.452463765870587356e-04
1.374999031690822668e-04
1.452463765870587356e-04
1.510562316505410872e-04
1.394365215235763840e-04
1.529928500050352044e-04
1.394365215235763840e-04
1.394365215235763840e-04
1.413731398780705012e-04
1.433097582325646184e-04
1.510562316505410872e-04
1.704224151954822591e-04
1.723590335499763763e-04
1.413731398780705012e-04
1.278168113966116808e-04
1.510562316505410872e-04
1.394365215235763840e-04
1.452463765870587356e-04
1.529928500050352044e-04
1.394365215235763840e-04
1.220069563331293428e-04
1.452463765870587356e-04
1.510562316505410872e-04
1.471829949415528528e-04
1.471829949415528528e-04
1.123238645606587568e-04
1.336266664600940324e-04
9.489429937021171555e-05
1.646125601319999075e-04
1.413731398780705012e-04
1.278168113966116808e-04
1.433097582325646184e-04
1.336266664600940324e-04
1.336266664600940324e-04
1.433097582325646184e-04
1.491196132960469700e-04
1.394365215235763840e-04
1.433097582325646184e-04
1.491196132960469700e-04
1.336266664600940324e-04
1.355632848145881496e-04
1.355632848145881496e-04
1.413731398780705012e-04
1.452463765870587356e-04
1.394365215235763840e-04
1.374999031690822668e-04
1.433097582325646184e-04
1.413731398780705012e-04
1.394365215235763840e-04
1.665491784864940247e-04
1.491196132960469700e-04
1.336266664600940324e-04
1.316900481055999152e-04
1.413731398780705012e-04
1.433097582325646184e-04
1.220069563331293428e-04
1.278168113966116808e-04
1.452463765870587356e-04
1.394365215235763840e-04
1.452463765870587356e-04
1.626759417775057903e-04
1.394365215235763840e-04
1.433097582325646184e-04
1.336266664600940324e-04
1.374999031690822668e-04
1.316900481055999152e-04
1.200703379786352256e-04
1.568660867140234387e-04
1.181337196241411084e-04
1.336266664600940324e-04
1.491196132960469700e-04
1.239435746876234464e-04
1.355632848145881496e-04
1.549294683595293215e-04
1.413731398780705012e-04
1.452463765870587356e-04
1.355632848145881496e-04
1.471829949415528528e-04
1.316900481055999152e-04
1.394365215235763840e-04
1.336266664600940324e-04
1.355632848145881496e-04
1.316900481055999152e-04
1.258801930421175636e-04
1.220069563331293428e-04
1.491196132960469700e-04
1.394365215235763840e-04
1.316900481055999152e-04
1.568660867140234387e-04
1.452463765870587356e-04
1.200703379786352256e-04
1.413731398780705012e-04
1.200703379786352256e-04
1.316900481055999152e-04
1.297534297511057980e-04
1.316900481055999152e-04
1.355632848145881496e-04
1.297534297511057980e-04
1.258801930421175636e-04
1.413731398780705012e-04
1.588027050685175559e-04
1.413731398780705012e-04
1.045773911426822880e-04
1.239435746876234464e-04
1.316900481055999152e-04
1.336266664600940324e-04
1.297534297511057980e-04
1.355632848145881496e-04
1.123238645606587568e-04
1.374999031690822668e-04
1.220069563331293428e-04
1.258801930421175636e-04
1.200703379786352256e-04
1.278168113966116808e-04
1.278168113966116808e-04
1.239435746876234464e-04
1.297534297511057980e-04
1.336266664600940324e-04
1.452463765870587356e-04
1.394365215235763840e-04
1.007041544336940671e-04
1.278168113966116808e-04
1.220069563331293428e-04
1.394365215235763840e-04
1.258801930421175636e-04
1.103872462061646396e-04
1.433097582325646184e-04
1.239435746876234464e-04
1.452463765870587356e-04
1.258801930421175636e-04
1.239435746876234464e-04
1.394365215235763840e-04
1.200703379786352256e-04
1.316900481055999152e-04
1.220069563331293428e-04
1.316900481055999152e-04
1.181337196241411084e-04
1.239435746876234464e-04
1.452463765870587356e-04
1.278168113966116808e-04
1.181337196241411084e-04
1.103872462061646396e-04
1.471829949415528528e-04
9.683091772470583274e-05
1.278168113966116808e-04
1.258801930421175636e-04
1.065140094971764052e-04
1.200703379786352256e-04
1.316900481055999152e-04
1.316900481055999152e-04
1.394365215235763840e-04
1.413731398780705012e-04
1.065140094971764052e-04
1.336266664600940324e-04
1.142604829151528740e-04
1.161971012696469912e-04
1.161971012696469912e-04
1.007041544336940671e-04
1.278168113966116808e-04
1.452463765870587356e-04
1.161971012696469912e-04
1.355632848145881496e-04
1.258801930421175636e-04
1.239435746876234464e-04
1.181337196241411084e-04
1.278168113966116808e-04
1.161971012696469912e-04
1.181337196241411084e-04
1.278168113966116808e-04
1.123238645606587568e-04
1.258801930421175636e-04
1.084506278516705224e-04
1.200703379786352256e-04
1.123238645606587568e-04
1.239435746876234464e-04
1.336266664600940324e-04
1.045773911426822880e-04
1.084506278516705224e-04
1.161971012696469912e-04
1.084506278516705224e-04
1.239435746876234464e-04
1.316900481055999152e-04
1.142604829151528740e-04
1.278168113966116808e-04
1.278168113966116808e-04
1.394365215235763840e-04
1.258801930421175636e-04
1.278168113966116808e-04
1.355632848145881496e-04
1.026407727881881708e-04
1.316900481055999152e-04
1.258801930421175636e-04
1.200703379786352256e-04
1.336266664600940324e-04
1.142604829151528740e-04
1.297534297511057980e-04
1.161971012696469912e-04
1.258801930421175636e-04
1.239435746876234464e-04
1.084506278516705224e-04
1.297534297511057980e-04
1.103872462061646396e-04
1.220069563331293428e-04
1.374999031690822668e-04
1.278168113966116808e-04
1.142604829151528740e-04
1.355632848145881496e-04
1.258801930421175636e-04
1.336266664600940324e-04
1.491196132960469700e-04
1.258801930421175636e-04
1.355632848145881496e-04
1.239435746876234464e-04
1.336266664600940324e-04
1.297534297511057980e-04
1.123238645606587568e-04
1.103872462061646396e-04
1.336266664600940324e-04
1.316900481055999152e-04
1.026407727881881708e-04
1.220069563331293428e-04
1.374999031690822668e-04
1.297534297511057980e-04
1.220069563331293428e-04
1.142604829151528740e-04
1.316900481055999152e-04
1.220069563331293428e-04
1.374999031690822668e-04
1.297534297511057980e-04
1.161971012696469912e-04
1.394365215235763840e-04
1.026407727881881708e-04
1.278168113966116808e-04
1.065140094971764052e-04
1.239435746876234464e-04
1.065140094971764052e-04
1.103872462061646396e-04
1.297534297511057980e-04
1.065140094971764052e-04
1.142604829151528740e-04
1.045773911426822880e-04
9.295768101571759835e-05
1.258801930421175636e-04
1.103872462061646396e-04
1.142604829151528740e-04
1.181337196241411084e-04
1.394365215235763840e-04
1.258801930421175636e-04
1.278168113966116808e-04
1.220069563331293428e-04
1.239435746876234464e-04
1.413731398780705012e-04
1.103872462061646396e-04
1.161971012696469912e-04
1.297534297511057980e-04
1.316900481055999152e-04
1.123238645606587568e-04
1.239435746876234464e-04
1.084506278516705224e-04
1.065140094971764052e-04
1.220069563331293428e-04
1.103872462061646396e-04
1.103872462061646396e-04
1.316900481055999152e-04
1.239435746876234464e-04
9.876753607919994994e-05
1.103872462061646396e-04
1.123238645606587568e-04
1.316900481055999152e-04
1.123238645606587568e-04
1.161971012696469912e-04
1.084506278516705224e-04
1.200703379786352256e-04
1.045773911426822880e-04
1.394365215235763840e-04
1.239435746876234464e-04
1.026407727881881708e-04
1.220069563331293428e-04
1.161971012696469912e-04
9.876753607919994994e-05
1.239435746876234464e-04
1.045773911426822880e-04
1.220069563331293428e-04
1.220069563331293428e-04
1.258801930421175636e-04
1.239435746876234464e-04
1.200703379786352256e-04
1.161971012696469912e-04
1.103872462061646396e-04
1.220069563331293428e-04
1.220069563331293428e-04
1.200703379786352256e-04
8.908444430672936396e-05
1.065140094971764052e-04
1.045773911426822880e-04
1.200703379786352256e-04
9.876753607919994994e-05
1.142604829151528740e-04
1.045773911426822880e-04
1.316900481055999152e-04
1.336266664600940324e-04
1.142604829151528740e-04
1.278168113966116808e-04
1.026407727881881708e-04
1.181337196241411084e-04
1.045773911426822880e-04
8.521120759774112956e-05
1.161971012696469912e-04
1.239435746876234464e-04
9.102106266122348115e-05
8.133797088875289517e-05
1.007041544336940671e-04
7.746473417976466077e-05
1.084506278516705224e-04
1.103872462061646396e-04
1.084506278516705224e-04
1.200703379786352256e-04
1.084506278516705224e-04
1.200703379786352256e-04
1.084506278516705224e-04
1.123238645606587568e-04
1.084506278516705224e-04
1.065140094971764052e-04
1.220069563331293428e-04
1.123238645606587568e-04
1.181337196241411084e-04
1.181337196241411084e-04
1.065140094971764052e-04
1.142604829151528740e-04
1.065140094971764052e-04
1.142604829151528740e-04
1.045773911426822880e-04
1.084506278516705224e-04
1.123238645606587568e-04
1.161971012696469912e-04
1.239435746876234464e-04
1.103872462061646396e-04
1.123238645606587568e-04
1.200703379786352256e-04
1.103872462061646396e-04
1.278168113966116808e-04
1.065140094971764052e-04
1.084506278516705224e-04
1.278168113966116808e-04
1.065140094971764052e-04
1.065140094971764052e-04
1.336266664600940324e-04
1.045773911426822880e-04
1.007041544336940671e-04
1.103872462061646396e-04
1.103872462061646396e-04
1.065140094971764052e-04
1.045773911426822880e-04
1.200703379786352256e-04
1.026407727881881708e-04
1.142604829151528740e-04
1.084506278516705224e-04
9.683091772470583274e-05
1.258801930421175636e-04
1.123238645606587568e-04
1.026407727881881708e-04
1.007041544336940671e-04
1.200703379786352256e-04
1.258801930421175636e-04
1.123238645606587568e-04
9.876753607919994994e-05
1.084506278516705224e-04
1.065140094971764052e-04
1.123238645606587568e-04
1.239435746876234464e-04
1.181337196241411084e-04
1.161971012696469912e-04
1.045773911426822880e-04
1.007041544336940671e-04
1.026407727881881708e-04
1.142604829151528740e-04
1.045773911426822880e-04
1.123238645606587568e-04
9.489429937021171555e-05
1.084506278516705224e-04
9.295768101571759835e-05
1.103872462061646396e-04
1.181337196241411084e-04
1.103872462061646396e-04
1.026407727881881708e-04
8.908444430672936396e-05
1.103872462061646396e-04
1.065140094971764052e-04
1.161971012696469912e-04
1.200703379786352256e-04
8.714782595223524676e-05
1.065140094971764052e-04
9.683091772470583274e-05
1.161971012696469912e-04
9.876753607919994994e-05
1.007041544336940671e-04
9.102106266122348115e-05
1.084506278516705224e-04
1.045773911426822880e-04
9.876753607919994994e-05
1.065140094971764052e-04
1.103872462061646396e-04
1.065140094971764052e-04
1.026407727881881708e-04
1.045773911426822880e-04
8.521120759774112956e-05
1.103872462061646396e-04
1.161971012696469912e-04
1.123238645606587568e-04
9.683091772470583274e-05
1.007041544336940671e-04
1.065140094971764052e-04
1.181337196241411084e-04
1.220069563331293428e-04
1.026407727881881708e-04
8.908444430672936396e-05
1.026407727881881708e-04
1.007041544336940671e-04
1.026407727881881708e-04
9.683091772470583274e-05
9.876753607919994994e-05
1.084506278516705224e-04
9.683091772470583274e-05
1.026407727881881708e-04
1.123238645606587568e-04
1.084506278516705224e-04
1.045773911426822880e-04
1.026407727881881708e-04
1.045773911426822880e-04
9.876753607919994994e-05
1.007041544336940671e-04
1.123238645606587568e-04
9.876753607919994994e-05
1.123238645606587568e-04
1.026407727881881708e-04
8.327458924324701237e-05
1.239435746876234464e-04
1.142604829151528740e-04
8.521120759774112956e-05
1.065140094971764052e-04
1.103872462061646396e-04
8.908444430672936396e-05
1.007041544336940671e-04
9.876753607919994994e-05
1.026407727881881708e-04
9.876753607919994994e-05
1.161971012696469912e-04
8.521120759774112956e-05
1.065140094971764052e-04
8.908444430672936396e-05
1.123238645606587568e-04
1.007041544336940671e-04
1.200703379786352256e-04
1.142604829151528740e-04
1.084506278516705224e-04
1.007041544336940671e-04
9.489429937021171555e-05
1.045773911426822880e-04
1.065140094971764052e-04
1.103872462061646396e-04
1.142604829151528740e-04
1.084506278516705224e-04
1.142604829151528740e-04
9.876753607919994994e-05
1.045773911426822880e-04
1.123238645606587568e-04
1.026407727881881708e-04
9.683091772470583274e-05
1.103872462061646396e-04
1.065140094971764052e-04
1.065140094971764052e-04
8.908444430672936396e-05
9.683091772470583274e-05
9.295768101571759835e-05
1.084506278516705224e-04
1.007041544336940671e-04
1.181337196241411084e-04
1.026407727881881708e-04
8.908444430672936396e-05
8.521120759774112956e-05
1.026407727881881708e-04
1.026407727881881708e-04
9.295768101571759835e-05
9.876753607919994994e-05
1.026407727881881708e-04
1.026407727881881708e-04
1.123238645606587568e-04
1.142604829151528740e-04
1.007041544336940671e-04
8.714782595223524676e-05
1.084506278516705224e-04
1.123238645606587568e-04
6.778164240729407479e-05
8.327458924324701237e-05
9.876753607919994994e-05
8.714782595223524676e-05
1.065140094971764052e-04
9.683091772470583274e-05
8.714782595223524676e-05
9.683091772470583274e-05
9.102106266122348115e-05
8.133797088875289517e-05
1.007041544336940671e-04
9.683091772470583274e-05
1.084506278516705224e-04
1.142604829151528740e-04
1.045773911426822880e-04
1.007041544336940671e-04
1.103872462061646396e-04
1.065140094971764052e-04
1.007041544336940671e-04
8.714782595223524676e-05
8.908444430672936396e-05
1.026407727881881708e-04
9.295768101571759835e-05
1.007041544336940671e-04
9.295768101571759835e-05
9.683091772470583274e-05
9.876753607919994994e-05
1.007041544336940671e-04
9.102106266122348115e-05
9.489429937021171555e-05
1.026407727881881708e-04
8.133797088875289517e-05
9.295768101571759835e-05
1.200703379786352256e-04
9.102106266122348115e-05
1.045773911426822880e-04
9.683091772470583274e-05
1.045773911426822880e-04
9.876753607919994994e-05
1.026407727881881708e-04
9.876753607919994994e-05
8.521120759774112956e-05
9.295768101571759835e-05
8.521120759774112956e-05
1.007041544336940671e-04
1.045773911426822880e-04
9.683091772470583274e-05
8.714782595223524676e-05
9.489429937021171555e-05
9.683091772470583274e-05
9.102106266122348115e-05
1.065140094971764052e-04
9.876753607919994994e-05
9.295768101571759835e-05
1.103872462061646396e-04
9.295768101571759835e-05
9.876753607919994994e-05
9.295768101571759835e-05
1.026407727881881708e-04
9.102106266122348115e-05
9.295768101571759835e-05
9.102106266122348115e-05
8.133797088875289517e-05
1.007041544336940671e-04
1.026407727881881708e-04
9.683091772470583274e-05
1.007041544336940671e-04
1.007041544336940671e-04
9.102106266122348115e-05
9.683091772470583274e-05
9.876753607919994994e-05
1.007041544336940671e-04
9.102106266122348115e-05
7.746473417976466077e-05
1.065140094971764052e-04
9.876753607919994994e-05
8.327458924324701237e-05
5.422531392583526119e-05
9.876753607919994994e-05
9.489429937021171555e-05
9.295768101571759835e-05
9.876753607919994994e-05
8.908444430672936396e-05
9.683091772470583274e-05
8.327458924324701237e-05
9.489429937021171555e-05
9.489429937021171555e-05
6.584502405279995759e-05
1.007041544336940671e-04
7.746473417976466077e-05
1.007041544336940671e-04
1.026407727881881708e-04
1.026407727881881708e-04
7.552811582527054358e-05
8.908444430672936396e-05
8.327458924324701237e-05
9.683091772470583274e-05
9.102106266122348115e-05
9.876753607919994994e-05
9.489429937021171555e-05
8.908444430672936396e-05
7.165487911628230918e-05
8.521120759774112956e-05
8.714782595223524676e-05
9.295768101571759835e-05
9.683091772470583274e-05
9.683091772470583274e-05
9.489429937021171555e-05
8.714782595223524676e-05
9.876753607919994994e-05
9.489429937021171555e-05
8.908444430672936396e-05
9.102106266122348115e-05
9.489429937021171555e-05
9.876753607919994994e-05
9.683091772470583274e-05
9.876753607919994994e-05
7.746473417976466077e-05
7.940135253425877797e-05
9.295768101571759835e-05
5.616193228032937838e-05
8.327458924324701237e-05
6.778164240729407479e-05
1.026407727881881708e-04
7.359149747077642638e-05
9.295768101571759835e-05
9.489429937021171555e-05
7.940135253425877797e-05
8.908444430672936396e-05
1.026407727881881708e-04
1.026407727881881708e-04
7.165487911628230918e-05
1.026407727881881708e-04
7.940135253425877797e-05
1.103872462061646396e-04
6.778164240729407479e-05
9.489429937021171555e-05
1.007041544336940671e-04
6.778164240729407479e-05
7.746473417976466077e-05
1.084506278516705224e-04
1.103872462061646396e-04
9.295768101571759835e-05
7.746473417976466077e-05
9.876753607919994994e-05
9.102106266122348115e-05
9.102106266122348115e-05
7.940135253425877797e-05
9.876753607919994994e-05
7.940135253425877797e-05
8.521120759774112956e-05
8.521120759774112956e-05
9.683091772470583274e-05
8.908444430672936396e-05
9.295768101571759835e-05
9.876753607919994994e-05
8.521120759774112956e-05
8.327458924324701237e-05
9.489429937021171555e-05
8.133797088875289517e-05
9.295768101571759835e-05
6.778164240729407479e-05
6.971826076178819199e-05
6.390840569830584040e-05
9.102106266122348115e-05
8.327458924324701237e-05
8.327458924324701237e-05
9.295768101571759835e-05
9.876753607919994994e-05
8.133797088875289517e-05
9.876753607919994994e-05
7.746473417976466077e-05
9.295768101571759835e-05
8.714782595223524676e-05
1.007041544336940671e-04
8.908444430672936396e-05
8.908444430672936396e-05
9.683091772470583274e-05
9.102106266122348115e-05
9.683091772470583274e-05
9.683091772470583274e-05
8.133797088875289517e-05
8.908444430672936396e-05
1.045773911426822880e-04
9.295768101571759835e-05
7.940135253425877797e-05
1.007041544336940671e-04
8.714782595223524676e-05
8.714782595223524676e-05
8.908444430672936396e-05
8.714782595223524676e-05
8.714782595223524676e-05
7.746473417976466077e-05
5.422531392583526119e-05
7.746473417976466077e-05
9.102106266122348115e-05
8.714782595223524676e-05
8.327458924324701237e-05
9.102106266122348115e-05
8.521120759774112956e-05
9.876753607919994994e-05
7.552811582527054358e-05
8.327458924324701237e-05
8.908444430672936396e-05
8.714782595223524676e-05
9.295768101571759835e-05
8.521120759774112956e-05
8.908444430672936396e-05
8.521120759774112956e-05
8.908444430672936396e-05
9.102106266122348115e-05
8.521120759774112956e-05
8.521120759774112956e-05
7.359149747077642638e-05
8.327458924324701237e-05
9.489429937021171555e-05
9.102106266122348115e-05
8.521120759774112956e-05
8.521120759774112956e-05
7.940135253425877797e-05
9.295768101571759835e-05
8.521120759774112956e-05
7.940135253425877797e-05
9.295768101571759835e-05
8.908444430672936396e-05
7.940135253425877797e-05
8.908444430672936396e-05
7.940135253425877797e-05
7.940135253425877797e-05
8.133797088875289517e-05
7.552811582527054358e-05
9.102106266122348115e-05
9.102106266122348115e-05
8.521120759774112956e-05
8.714782595223524676e-05
7.552811582527054358e-05
6.971826076178819199e-05
8.133797088875289517e-05
8.714782595223524676e-05
8.327458924324701237e-05
7.359149747077642638e-05
6.971826076178819199e-05
7.165487911628230918e-05
8.521120759774112956e-05
6.584502405279995759e-05
6.584502405279995759e-05
8.521120759774112956e-05
8.908444430672936396e-05
7.746473417976466077e-05
7.746473417976466077e-05
7.940135253425877797e-05
7.359149747077642638e-05
6.003516898931761278e-05
8.714782595223524676e-05
7.359149747077642638e-05
9.295768101571759835e-05
8.327458924324701237e-05
7.552811582527054358e-05
8.521120759774112956e-05
7.746473417976466077e-05
8.327458924324701237e-05
8.714782595223524676e-05
9.295768101571759835e-05
7.552811582527054358e-05
8.327458924324701237e-05
7.746473417976466077e-05
7.552811582527054358e-05
8.908444430672936396e-05
7.359149747077642638e-05
8.521120759774112956e-05
8.521120759774112956e-05
8.133797088875289517e-05
9.295768101571759835e-05
8.327458924324701237e-05
8.327458924324701237e-05
7.746473417976466077e-05
9.295768101571759835e-05
7.940135253425877797e-05
8.714782595223524676e-05
8.327458924324701237e-05
7.746473417976466077e-05
8.327458924324701237e-05
8.521120759774112956e-05
6.971826076178819199e-05
8.327458924324701237e-05
7.552811582527054358e-05
9.295768101571759835e-05
7.940135253425877797e-05
8.521120759774112956e-05
7.359149747077642638e-05
9.102106266122348115e-05
6.390840569830584040e-05
7.746473417976466077e-05
9.489429937021171555e-05
6.971826076178819199e-05
8.908444430672936396e-05
9.683091772470583274e-05
6.971826076178819199e-05
9.102106266122348115e-05
6.778164240729407479e-05
8.327458924324701237e-05
7.940135253425877797e-05
8.327458924324701237e-05
8.908444430672936396e-05
8.521120759774112956e-05
8.327458924324701237e-05
8.327458924324701237e-05
7.165487911628230918e-05
8.908444430672936396e-05
7.940135253425877797e-05
8.327458924324701237e-05
8.133797088875289517e-05
8.521120759774112956e-05
6.390840569830584040e-05
7.940135253425877797e-05
6.971826076178819199e-05
7.940135253425877797e-05
7.940135253425877797e-05
6.971826076178819199e-05
9.102106266122348115e-05
8.714782595223524676e-05
6.778164240729407479e-05
7.940135253425877797e-05
9.102106266122348115e-05
6.197178734381172320e-05
7.746473417976466077e-05
8.908444430672936396e-05
7.552811582527054358e-05
9.102106266122348115e-05
8.908444430672936396e-05
8.714782595223524676e-05
7.746473417976466077e-05
7.746473417976466077e-05
9.295768101571759835e-05
8.133797088875289517e-05
7.552811582527054358e-05
8.327458924324701237e-05
8.714782595223524676e-05
8.133797088875289517e-05
7.746473417976466077e-05
7.165487911628230918e-05
8.327458924324701237e-05
7.359149747077642638e-05
8.133797088875289517e-05
7.165487911628230918e-05
8.327458924324701237e-05
7.940135253425877797e-05
8.133797088875289517e-05
6.778164240729407479e-05
8.327458924324701237e-05
7.359149747077642638e-05
7.552811582527054358e-05
7.746473417976466077e-05
3.873236708988233039e-05
5.228869557134114399e-05
7.940135253425877797e-05
8.327458924324701237e-05
7.359149747077642638e-05
7.746473417976466077e-05
6.971826076178819199e-05
7.940135253425877797e-05
8.521120759774112956e-05
7.940135253425877797e-05
6.584502405279995759e-05
9.295768101571759835e-05
7.746473417976466077e-05
7.746473417976466077e-05
7.359149747077642638e-05
9.295768101571759835e-05
7.552811582527054358e-05
7.746473417976466077e-05
7.359149747077642638e-05
6.584502405279995759e-05
8.327458924324701237e-05
7.940135253425877797e-05
7.165487911628230918e-05
6.971826076178819199e-05
6.584502405279995759e-05
7.746473417976466077e-05
7.359149747077642638e-05
6.390840569830584040e-05
7.746473417976466077e-05
8.521120759774112956e-05
7.552811582527054358e-05
6.971826076178819199e-05
6.971826076178819199e-05
7.746473417976466077e-05
7.165487911628230918e-05
6.003516898931761278e-05
6.584502405279995759e-05
7.746473417976466077e-05
7.359149747077642638e-05
7.552811582527054358e-05
5.809855063482349558e-05
7.165487911628230918e-05
8.521120759774112956e-05
7.552811582527054358e-05
7.746473417976466077e-05
7.165487911628230918e-05
7.746473417976466077e-05
7.746473417976466077e-05
7.746473417976466077e-05
8.133797088875289517e-05
7.359149747077642638e-05
6.971826076178819199e-05
7.165487911628230918e-05
6.971826076178819199e-05
8.714782595223524676e-05
7.552811582527054358e-05
8.908444430672936396e-05
7.746473417976466077e-05
7.552811582527054358e-05
6.778164240729407479e-05
7.552811582527054358e-05
8.714782595223524676e-05
7.552811582527054358e-05
6.197178734381172320e-05
8.133797088875289517e-05
6.003516898931761278e-05
8.327458924324701237e-05
6.197178734381172320e-05
7.165487911628230918e-05
7.359149747077642638e-05
6.390840569830584040e-05
6.197178734381172320e-05
7.746473417976465400e-06
8.714782595223524676e-05
6.390840569830584040e-05
7.940135253425877797e-05
8.908444430672936396e-05
7.359149747077642638e-05
8.908444430672936396e-05
7.359149747077642638e-05
7.165487911628230918e-05
6.778164240729407479e-05
5.809855063482349558e-05
7.746473417976466077e-05
7.940135253425877797e-05
6.003516898931761278e-05
6.778164240729407479e-05
6.778164240729407479e-05
6.197178734381172320e-05
6.778164240729407479e-05
7.746473417976466077e-05
8.133797088875289517e-05
8.133797088875289517e-05
7.746473417976466077e-05
6.197178734381172320e-05
7.359149747077642638e-05
8.133797088875289517e-05
8.133797088875289517e-05
7.552811582527054358e-05
7.552811582527054358e-05
8.327458924324701237e-05
6.971826076178819199e-05
8.327458924324701237e-05
6.584502405279995759e-05
6.197178734381172320e-05
7.940135253425877797e-05
6.197178734381172320e-05
6.778164240729407479e-05
7.940135253425877797e-05
6.778164240729407479e-05
8.521120759774112956e-05
6.584502405279995759e-05
7.940135253425877797e-05
7.359149747077642638e-05
8.521120759774112956e-05
6.584502405279995759e-05
7.165487911628230918e-05
6.584502405279995759e-05
6.390840569830584040e-05
7.940135253425877797e-05
7.359149747077642638e-05
5.809855063482349558e-05
7.359149747077642638e-05
6.584502405279995759e-05
6.971826076178819199e-05
6.197178734381172320e-05
6.971826076178819199e-05
6.584502405279995759e-05
8.521120759774112956e-05
7.940135253425877797e-05
8.327458924324701237e-05
7.165487911628230918e-05
7.552811582527054358e-05
6.971826076178819199e-05
6.584502405279995759e-05
8.521120759774112956e-05
6.390840569830584040e-05
6.003516898931761278e-05
7.746473417976466077e-05
7.940135253425877797e-05
