2.069692841762973967e-02
1.022170693041194421e-02
7.787967185075767018e-03
3.386954478926180144e-03
6.310822367420336997e-03
5.966042570164378778e-03
6.540675565590976098e-03
1.551509087651813069e-03
4.745792503405545960e-03
4.975645701576184195e-03
4.941843760668737651e-03
3.890603398447138855e-03
5.303524528378419575e-03
5.519856950186080059e-03
4.211721837067884493e-03
4.157638731615969155e-03
3.285548656203839211e-03
1.406160741749791195e-03
9.261731808640451735e-04
2.602749449873411540e-04
1.003917644951173201e-03
1.338556859934897456e-03
2.876545171223731691e-03
1.669815880827877057e-03
3.055695458033200109e-03
7.301219236008531580e-04
9.058920163195770302e-04
3.312590208929796880e-03
3.123299339848094065e-03
2.511484209423305112e-03
1.362218218570110254e-03
7.030803708748955974e-04
4.556501634323842712e-03
2.024736260356069673e-03
3.370053508472456438e-03
1.554889281742557723e-03
3.109778563485115447e-03
4.519319499325651079e-03
1.267572784029259063e-03
4.090034849801075199e-03
2.981331188036817278e-03
3.566104765735648562e-03
1.254052007666280229e-03
1.737419762642771013e-03
2.988091576218306587e-03
1.625873357648196117e-03
1.338556859934897456e-03
2.261349846708198084e-03
2.734577019412454471e-03
1.832065197183622204e-03
3.197663609844477329e-03
3.640469035732031827e-03
2.731196825321709817e-03
3.397095061198414107e-03
1.791502868094685917e-03
3.812858934360010936e-03
2.426979357154687884e-03
6.050547422432996439e-04
2.119381694896920864e-03
3.140200310301817337e-03
2.220787517619261797e-03
1.281093560392237681e-03
3.004992546672029859e-03
2.481062462606602789e-03
1.588691222650004484e-03
1.940231408087452446e-03
1.199968902214365108e-03
8.653296872306407437e-04
1.020818615404896473e-03
2.055158007172771997e-03
2.092340142170963629e-03
1.000537450860428329e-03
3.241606133024158270e-03
1.639394134011174951e-03
1.490665594018408639e-03
2.673733525779050258e-03
2.842743230316284713e-03
2.413458580791709267e-03
2.677113719869794912e-03
1.551509087651813069e-03
1.896288884907771505e-03
1.565029864014791687e-03
1.480525011746174459e-03
2.947529247129370301e-03
2.224167711710006452e-03
2.535145568058518126e-03
2.251209264435964121e-03
1.544748699470323543e-03
1.233770843121812085e-03
1.118844244036492535e-03
1.078281914947556248e-03
1.216869872668088597e-03
1.372358800842344434e-03
2.552046538512241398e-03
9.565949276807473884e-04
1.548128893561068198e-03
7.064605649656403603e-04
1.270952978120003718e-03
2.514864403514049766e-03
1.706998015826068690e-03
1.000537450860428329e-03
1.693477239463090072e-03
1.020818615404896473e-03
8.044861935972363138e-04
6.692784299674487281e-04
5.949141599710655723e-04
1.196588708123620453e-03
1.453483459020217007e-03
1.720518792189047524e-03
2.393177416247240907e-03
3.819619322541500136e-04
2.031496648537558982e-03
1.541368505379578889e-03
1.771221703550217774e-03
2.460781298062134862e-03
1.940231408087452446e-03
1.051240362221598796e-03
1.007297839041917855e-03
6.658982358767040737e-04
2.193745964893304128e-03
1.399400353568301886e-03
1.460243847201706316e-03
1.909809661270750122e-03
2.088959948080218974e-03
2.332333922613836477e-04
1.649534716283408914e-03
1.250671813575535574e-03
1.923330437633728957e-03
1.656295104464898440e-03
1.710378209916813344e-03
1.453483459020216844e-04
1.294614336755216515e-03
1.122224438127237189e-03
1.581930834468515176e-03
1.578550640377770521e-03
8.822306576843642325e-04
8.923712399565983042e-04
1.091802691310535083e-03
1.534608117198089580e-03
4.698469786135120040e-04
1.754320733096494502e-03
1.571790252196281212e-03
1.852346361728090347e-03
1.946991796268941755e-03
1.892908690817026634e-03
1.247291619484790920e-03
1.811784032639154060e-03
1.487285399927663768e-03
1.352077636297876291e-03
5.509716367913845229e-04
7.233615354193637407e-04
1.548128893561068198e-03
1.304754919027450479e-03
7.030803708748955974e-04
1.970653154904154769e-03
1.014058227223407164e-03
7.402625058730872296e-04
1.223630260849577905e-03
2.535145568058517910e-04
1.906429467180005468e-03
1.068141332675322285e-03
1.443342876747982827e-03
1.923330437633728957e-03
1.118844244036492535e-03
3.921025145263840853e-04
1.473764623564685150e-03
1.636013939920430297e-03
1.193208514032875799e-03
7.166011472378744319e-04
5.780131895173420834e-04
1.439962682657238173e-03
1.571790252196281212e-03
1.598831804922238664e-03
9.430741513177686624e-04
1.024198809495641344e-03
3.549203795281925073e-04
3.785817381634053592e-04
1.047860168130854142e-03
1.331796471753408147e-03
9.903968685881943661e-04
4.901281431579800930e-04
1.723898986279792179e-03
1.375738994933089088e-03
1.220250066758833251e-03
1.257432201757024883e-03
2.805561095318092973e-04
1.051240362221598796e-03
1.014058227223407164e-03
9.599751217714921512e-04
1.017438421314151818e-03
8.518089108676620176e-04
5.712528013358526661e-04
1.257432201757024883e-03
4.056232908893628655e-04
9.058920163195770302e-04
1.423061712203514684e-03
4.732271727042566584e-04
6.726586240581933825e-04
1.108703661764258571e-03
8.247673581417044571e-04
9.227929867733005191e-04
1.365598412660854908e-03
1.527847729016600055e-03
4.766073667950013670e-04
9.126524045010664474e-04
1.392639965386812577e-03
1.088422497219790428e-03
1.656295104464898277e-04
1.487285399927663768e-03
8.619494931398960893e-04
1.335176665844152802e-03
4.698469786135120040e-04
1.416301324022025375e-03
4.766073667950013670e-04
1.051240362221598796e-03
5.205498899746823080e-04
1.274333172210748372e-03
9.836364804067050573e-04
1.020818615404896473e-03
1.169547155397663001e-03
5.611122190636185945e-04
2.737957213503199342e-04
2.805561095318092973e-04
1.291234142664471861e-03
1.294614336755216515e-03
5.746329954265974290e-04
4.901281431579800930e-04
1.074901720856811594e-03
1.230390649031067431e-03
2.163324218076601859e-04
1.227010454940322777e-03
1.135745214490216023e-03
3.481599913467031443e-04
3.042174681670221491e-04
1.166166961306918347e-03
8.585692990491514348e-04
4.630865904320225867e-04
7.605436704175553729e-04
8.653296872306407437e-04
5.070291136117035819e-04
8.788504635936194968e-05
6.861794004211722170e-04
1.068141332675322285e-03
1.014058227223407164e-03
1.112083855855003226e-03
9.701157040437262229e-04
5.442112486098952141e-04
1.156026379034684167e-03
1.034339391767875307e-03
1.433202294475748864e-03
7.402625058730872296e-04
1.142505602671705332e-03
7.673040585990447901e-04
1.473764623564685150e-03
2.501343627151070823e-04
5.746329954265974290e-04
8.991316281380877214e-04
2.467541686243624279e-04
5.306904722469163796e-04
8.551891049584066720e-04
1.162786767216173476e-03
8.822306576843642325e-04
7.875852231435129334e-04
8.653296872306407437e-04
9.227929867733005191e-04
9.937770626789390205e-04
2.061918395354261143e-04
1.223630260849577905e-03
8.754702695028748153e-04
1.487285399927663768e-03
8.585692990491514348e-04
6.963199826934062886e-04
4.394252317968097891e-04
1.216869872668088597e-03
9.194127926825558647e-04
8.923712399565983042e-04
8.788504635936195781e-04
6.354764890600018588e-04
8.349079404139385287e-04
8.720900754121301609e-04
1.757700927187238994e-04
9.261731808640451735e-04
7.064605649656403603e-04
1.243911425394046049e-03
8.619494931398960893e-04
1.003917644951173201e-03
2.129522277169155044e-04
4.630865904320225867e-04
6.388566831507465132e-04
8.315277463231938743e-04
7.064605649656403603e-04
2.940768858947880775e-04
9.836364804067050573e-04
1.041099779949364616e-03
6.489972654229805848e-04
7.706842526897894445e-04
8.078663876879810767e-04
1.379119189023833743e-03
6.016745481525548811e-04
9.025118222288323758e-04
3.752015440726606506e-04
8.180069699602151483e-04
8.687098813213855065e-04
5.543518308821292857e-04
5.881537717895761550e-04
1.521087340835110746e-04
5.543518308821292857e-04
1.352077636297876128e-04
7.605436704175553729e-04
5.611122190636185945e-04
1.047860168130854142e-03
5.982943540618102267e-04
1.284473754482982498e-04
1.142505602671705332e-03
8.247673581417044571e-04
1.142505602671705332e-03
1.088422497219790428e-03
6.456170713322359304e-04
6.253359067877677872e-04
7.402625058730872296e-04
7.537832822360659556e-04
5.239300840654270708e-04
9.599751217714921512e-04
6.760388181489381454e-04
4.799875608857460756e-04
5.982943540618102267e-04
4.326648436153203718e-04
1.020818615404896473e-03
4.867479490672354386e-04
5.239300840654270708e-04
1.237151037212556740e-03
8.281475522324492199e-04
7.301219236008531580e-04
5.509716367913845229e-04
5.509716367913845229e-04
8.281475522324492199e-04
2.197126158984048945e-04
7.368823117823425752e-04
7.808248349620235161e-04
2.230928099891495760e-04
2.974570799855327861e-04
7.199813413286190863e-04
8.416683285954279460e-04
3.278788268022350010e-04
6.084349363340442983e-04
3.109778563485115122e-04
1.757700927187238994e-04
7.673040585990447901e-04
2.298531981706389662e-04
8.213871640509598027e-04
8.281475522324492199e-04
9.532147335900027340e-04
2.805561095318092973e-04
4.664667845227672954e-04
7.504030881453213012e-04
6.523774595137252393e-04
9.261731808640451735e-04
7.774446408712788617e-04
9.025118222288323758e-04
1.277713366301493026e-03
3.312590208929796554e-04
5.408310545191504512e-04
4.259044554338310088e-04
7.977258054157470050e-04
6.388566831507465132e-04
4.867479490672354386e-04
1.385879577205323214e-04
7.335021176915978124e-04
7.504030881453213012e-04
4.461856199782991521e-04
1.186448125851386490e-03
2.974570799855327861e-04
5.408310545191504512e-04
5.746329954265974290e-04
7.301219236008531580e-04
8.889910458658536498e-04
7.943456113250022422e-04
4.901281431579800930e-04
5.543518308821292857e-04
7.030803708748955974e-04
2.197126158984048945e-04
9.025118222288323758e-04
7.301219236008531580e-04
9.498345394992580796e-04
5.306904722469163796e-04
7.030803708748955974e-04
6.287161008785124416e-04
8.180069699602151483e-04
6.895595945119168714e-04
9.092722104103217930e-04
6.895595945119168714e-04
7.132209531471296691e-04
9.532147335900027340e-04
3.988629027078735025e-04
6.929397886026615258e-04
3.887223204356394309e-04
9.025118222288323758e-04
7.402625058730872296e-04
4.461856199782991521e-04
5.746329954265974290e-04
6.253359067877677872e-04
6.219557126970230243e-04
9.363137631362792451e-04
6.489972654229805848e-04
8.112465817787257311e-04
8.957514340473429586e-04
4.630865904320225867e-04
5.442112486098952141e-04
3.278788268022350010e-04
5.070291136117035819e-04
8.011059995064916594e-04
6.422368772414911676e-04
5.644924131543633573e-04
7.639238645083000273e-04
6.084349363340442983e-04
7.673040585990447901e-04
4.022430967986181569e-04
8.585692990491514348e-04
7.402625058730872296e-04
4.664667845227672954e-04
4.292846495245757174e-04
5.374508604284057968e-04
4.326648436153203718e-04
8.991316281380877214e-04
9.633553158622368056e-04
2.028116454446814328e-04
3.042174681670221491e-04
4.461856199782991521e-04
3.583005736189372160e-04
7.470228940545766468e-04
2.568947508965964996e-04
7.977258054157470050e-04
8.788504635936195781e-04
1.622493163557451462e-04
4.259044554338310088e-04
9.126524045010664474e-04
3.413996031652137271e-04
3.988629027078735025e-04
7.504030881453213012e-04
5.577320249728739401e-04
4.935083372487248559e-04
4.495658140690438607e-04
5.104093077024482363e-04
2.433739745336177193e-04
7.706842526897894445e-04
2.366135863521283292e-04
6.794190122396827998e-04
9.599751217714921512e-04
7.132209531471296691e-04
2.264730040798942576e-04
4.056232908893628655e-05
6.151953245155337155e-04
2.467541686243624279e-04
5.678726072451080117e-04
5.982943540618102267e-04
4.225242613430863002e-04
6.422368772414911676e-04
9.532147335900027340e-04
6.050547422432996439e-04
5.543518308821292857e-04
8.687098813213855065e-04
5.137895017931929991e-04
8.247673581417044571e-04
4.833677549764907300e-04
3.785817381634053592e-04
9.194127926825558647e-04
7.098407590563850147e-04
5.171696958839376536e-04
8.720900754121301609e-04
6.523774595137252393e-04
3.211184386207455838e-04
3.143580504392562208e-04
4.799875608857460756e-04
7.132209531471296691e-04
7.030803708748955974e-04
8.213871640509598027e-04
7.199813413286190863e-04
5.070291136117035819e-04
7.470228940545766468e-04
5.137895017931929991e-04
7.064605649656403603e-04
7.436426999638318840e-04
6.827992063304274542e-04
1.017438421314151818e-03
5.442112486098952141e-04
6.591378476952146565e-04
5.881537717895761550e-04
7.402625058730872296e-04
7.909654172342575878e-04
7.639238645083000273e-04
5.915339658803208094e-04
5.780131895173420834e-04
7.706842526897894445e-04
4.495658140690438607e-04
9.058920163195770302e-04
7.470228940545766468e-04
4.799875608857460756e-04
7.740644467805340989e-04
3.075976622577668578e-04
2.906966918040433689e-04
4.630865904320225867e-04
3.244986327114902924e-04
3.616807677096818704e-04
1.960512572631920426e-04
9.126524045010664474e-05
7.842050290527681706e-04
3.346392149837243641e-04
6.354764890600018588e-04
2.467541686243624279e-04
5.678726072451080117e-04
3.785817381634053592e-04
6.253359067877677872e-04
6.151953245155337155e-04
4.495658140690438607e-04
4.090034849801075741e-04
4.630865904320225867e-04
3.346392149837243641e-04
3.515401854374477987e-04
3.447797972559584357e-04
5.273102781561717252e-04
2.704155272595752256e-04
2.568947508965964996e-04
6.861794004211722170e-04
6.118151304247889527e-04
1.588691222650004647e-04
4.630865904320225867e-04
5.070291136117035819e-04
8.213871640509598027e-04
6.963199826934062886e-04
6.760388181489380640e-05
7.470228940545766468e-04
6.422368772414911676e-04
3.177382445300009294e-04
4.157638731615969372e-04
2.197126158984048945e-04
5.171696958839376536e-04
2.028116454446814328e-05
6.118151304247889527e-04
2.602749449873411540e-04
4.495658140690438607e-04
3.616807677096818704e-04
6.523774595137252393e-04
7.943456113250022422e-04
3.921025145263840853e-04
7.030803708748955974e-04
7.470228940545766468e-04
6.658982358767040737e-04
5.746329954265974154e-05
6.997001767841509430e-04
4.563262022505332237e-04
5.982943540618102267e-04
1.115464049945747880e-04
7.098407590563850147e-04
6.658982358767040737e-04
5.644924131543633573e-04
6.287161008785124416e-04
2.839363036225540059e-04
4.597063963412779323e-04
3.244986327114902924e-04
5.442112486098952141e-04
4.597063963412779323e-04
4.259044554338310088e-04
6.354764890600018588e-04
5.915339658803208094e-04
5.644924131543633573e-04
6.658982358767040737e-04
1.419681518112770029e-04
5.002687254302141647e-04
5.509716367913845229e-04
2.940768858947880775e-04
7.064605649656403603e-04
8.788504635936194968e-05
5.205498899746823080e-04
2.670353331688305712e-04
2.061918395354261143e-04
4.326648436153203718e-04
3.954827086171287939e-04
4.225242613430863002e-04
3.650609618004265790e-04
1.757700927187238994e-04
3.616807677096818704e-04
4.799875608857460756e-04
5.847735776988315006e-04
2.433739745336177193e-04
6.963199826934062886e-04
8.078663876879810767e-04
4.461856199782991521e-04
1.926710631724473611e-04
5.137895017931929991e-04
7.335021176915978124e-04
8.011059995064916594e-04
3.853421263448947223e-04
4.935083372487248559e-04
5.442112486098952141e-04
6.827992063304274542e-04
7.673040585990447901e-04
2.906966918040433689e-04
4.732271727042566584e-04
6.929397886026615258e-04
5.847735776988315006e-04
4.766073667950013670e-04
2.873164977132987145e-04
7.436426999638318840e-04
5.104093077024482363e-04
6.084349363340442983e-05
6.050547422432996439e-04
3.042174681670221491e-04
5.273102781561717252e-04
4.495658140690438607e-04
5.881537717895761550e-04
6.692784299674487281e-04
5.306904722469163796e-04
7.233615354193637407e-04
4.495658140690438607e-04
5.036489195209589275e-04
3.752015440726606506e-04
3.616807677096818704e-04
4.833677549764907300e-04
3.447797972559584357e-04
3.380194090744690727e-04
3.008372740762774405e-04
2.704155272595752256e-04
5.746329954265974290e-04
6.050547422432996439e-04
6.760388181489380810e-06
6.388566831507465132e-04
4.157638731615969372e-04
6.760388181489380640e-05
7.706842526897894445e-04
9.464543454085133981e-05
3.616807677096818704e-04
3.481599913467031443e-04
3.853421263448947223e-04
1.047860168130854114e-04
7.166011472378744319e-04
3.954827086171287939e-04
6.658982358767040737e-04
5.306904722469163796e-04
6.050547422432996439e-04
3.752015440726606506e-04
4.022430967986181569e-04
3.380194090744690405e-06
7.774446408712787804e-05
5.070291136117035819e-05
4.495658140690438607e-04
1.588691222650004647e-04
8.112465817787257311e-05
5.374508604284057968e-04
3.346392149837243641e-04
2.163324218076601859e-04
3.752015440726606506e-04
3.954827086171287939e-04
2.636551390780858626e-04
4.597063963412779323e-04
2.332333922613836477e-04
4.394252317968097891e-04
2.873164977132987145e-04
4.563262022505332237e-04
4.495658140690438607e-04
3.380194090744690405e-06
3.312590208929796554e-04
2.568947508965964996e-04
5.104093077024482363e-04
6.625180417859593109e-04
2.873164977132987145e-04
3.042174681670221491e-04
4.529460081597885151e-04
3.684411558911712876e-04
4.799875608857460756e-04
4.326648436153203718e-04
3.921025145263840853e-04
2.366135863521283292e-04
4.766073667950013670e-04
6.658982358767040737e-04
4.901281431579800930e-04
3.211184386207455838e-04
4.495658140690438607e-04
5.137895017931929991e-04
4.157638731615969372e-04
2.399937804428730378e-04
6.320962949692570960e-04
4.326648436153203718e-04
5.137895017931929991e-04
4.326648436153203718e-04
3.549203795281925073e-04
4.360450377060650804e-04
1.926710631724473611e-04
5.577320249728739401e-04
6.658982358767040737e-04
1.284473754482982498e-04
6.084349363340442983e-05
4.123836790708522286e-04
3.413996031652137271e-04
1.892908690817026796e-04
5.982943540618102267e-04
4.022430967986181569e-04
6.456170713322359304e-04
4.563262022505332237e-04
5.746329954265974154e-05
3.954827086171287939e-04
4.799875608857460756e-04
3.380194090744690727e-04
4.428054258875544435e-04
3.177382445300009294e-04
6.658982358767040737e-04
3.481599913467031443e-04
1.960512572631920426e-04
3.008372740762774405e-04
3.954827086171287939e-04
3.278788268022350010e-04
1.757700927187238994e-04
4.461856199782991521e-04
4.461856199782991521e-04
4.191440672523416458e-04
4.056232908893628655e-05
5.982943540618102267e-04
1.960512572631920426e-04
4.022430967986181569e-04
1.149265990853194831e-04
2.230928099891495760e-04
3.819619322541500136e-04
2.602749449873411540e-04
7.402625058730872296e-04
3.819619322541500136e-04
4.698469786135120040e-04
5.306904722469163796e-04
2.805561095318092973e-04
2.771759154410646428e-04
2.704155272595752256e-04
5.915339658803208094e-04
4.225242613430863002e-04
4.766073667950013670e-04
7.774446408712787804e-05
2.163324218076601859e-04
5.475914427006398685e-04
4.292846495245757174e-04
3.177382445300009294e-04
3.278788268022350010e-04
3.616807677096818704e-04
4.630865904320225867e-04
4.123836790708522286e-04
3.853421263448947223e-04
3.650609618004265790e-04
3.211184386207455838e-04
2.771759154410646428e-04
4.495658140690438607e-04
5.509716367913845229e-04
2.061918395354261143e-04
2.163324218076601859e-04
4.867479490672354386e-04
4.563262022505332237e-04
4.968885313394695103e-04
1.385879577205323214e-04
1.960512572631920426e-04
2.535145568058517910e-04
2.636551390780858626e-04
2.028116454446814328e-04
2.940768858947880775e-04
6.895595945119168714e-04
4.056232908893628655e-04
1.994314513539367513e-04
4.698469786135120040e-04
5.374508604284057968e-04
2.399937804428730378e-04
4.732271727042566990e-05
3.211184386207455838e-04
3.921025145263840853e-04
3.549203795281925073e-04
3.650609618004265790e-04
6.219557126970230243e-04
1.014058227223407164e-04
5.442112486098952141e-04
3.515401854374477987e-04
3.346392149837243641e-04
1.149265990853194831e-04
3.481599913467031443e-04
1.014058227223407164e-05
5.644924131543633573e-04
1.859106749909579710e-04
2.028116454446814328e-04
3.583005736189372160e-04
5.002687254302141647e-04
3.346392149837243641e-04
5.239300840654270708e-04
4.394252317968097891e-04
4.292846495245757174e-04
1.183067931760641646e-04
6.760388181489380810e-06
3.413996031652137271e-04
2.602749449873411540e-04
2.805561095318092973e-04
2.704155272595752256e-04
2.737957213503199342e-04
4.495658140690438607e-04
2.298531981706389662e-04
2.974570799855327861e-04
2.737957213503199342e-04
4.326648436153203718e-04
2.095720336261708229e-04
2.501343627151070823e-04
2.366135863521283292e-04
1.723898986279792179e-04
2.940768858947880775e-04
2.467541686243624279e-04
1.622493163557451462e-04
3.988629027078735025e-04
5.036489195209589275e-04
2.737957213503199342e-04
2.737957213503199342e-04
3.346392149837243641e-04
5.611122190636185945e-04
4.630865904320225867e-04
4.090034849801075741e-04
2.433739745336177193e-04
4.191440672523416458e-04
3.988629027078735025e-04
4.766073667950013670e-04
2.602749449873411540e-04
4.123836790708522286e-04
2.535145568058517910e-04
4.428054258875544435e-04
4.867479490672354386e-04
2.636551390780858626e-04
2.095720336261708229e-04
1.892908690817026796e-04
4.529460081597885151e-04
3.447797972559584357e-04
1.926710631724473611e-04
2.366135863521283292e-04
3.684411558911712876e-04
4.461856199782991521e-04
4.563262022505332237e-04
2.636551390780858626e-04
2.906966918040433689e-04
2.940768858947880775e-04
4.157638731615969372e-04
3.109778563485115122e-04
2.399937804428730378e-04
2.670353331688305712e-04
2.602749449873411540e-04
4.225242613430863002e-04
4.901281431579800930e-04
3.380194090744690727e-04
1.723898986279792179e-04
2.298531981706389662e-04
3.954827086171287939e-04
2.568947508965964996e-04
2.332333922613836477e-04
2.974570799855327861e-04
2.467541686243624279e-04
5.678726072451080117e-04
2.230928099891495760e-04
4.461856199782991521e-04
2.704155272595752256e-04
4.259044554338310088e-04
2.940768858947880775e-04
3.481599913467031443e-04
4.968885313394695103e-04
1.115464049945747880e-04
3.650609618004265790e-04
2.704155272595752256e-04
4.461856199782991521e-04
5.340706663376611424e-04
4.698469786135120040e-04
5.036489195209589275e-04
3.515401854374477987e-04
3.143580504392562208e-04
3.650609618004265790e-04
4.292846495245757174e-04
4.597063963412779323e-04
2.771759154410646428e-04
3.650609618004265790e-04
3.650609618004265790e-04
6.118151304247889527e-04
3.380194090744690405e-06
6.760388181489380810e-06
2.906966918040433689e-04
1.825304809002132895e-04
3.853421263448947223e-04
5.408310545191504512e-04
5.273102781561717252e-04
9.802562863159602132e-05
1.859106749909579710e-04
5.442112486098952141e-04
4.664667845227672954e-04
4.394252317968097891e-04
1.723898986279792179e-04
5.239300840654270708e-04
3.143580504392562208e-04
5.137895017931929991e-04
1.892908690817026796e-04
4.732271727042566990e-05
6.084349363340442983e-05
3.380194090744690405e-06
3.380194090744690405e-06
4.056232908893628655e-04
2.839363036225540059e-04
1.487285399927663931e-04
3.143580504392562208e-04
3.718213499819159420e-04
3.853421263448947223e-04
2.399937804428730378e-04
2.535145568058517910e-04
3.785817381634053592e-04
4.799875608857460756e-04
1.250671813575535412e-04
2.771759154410646428e-04
4.157638731615969372e-04
3.752015440726606506e-04
4.732271727042566584e-04
3.244986327114902924e-04
3.109778563485115122e-04
3.211184386207455838e-04
4.090034849801075741e-04
1.892908690817026796e-04
1.115464049945747880e-04
5.070291136117035819e-05
2.129522277169155044e-04
3.413996031652137271e-04
4.597063963412779323e-04
3.244986327114902924e-04
3.042174681670221491e-04
3.380194090744690727e-04
4.259044554338310088e-04
2.163324218076601859e-04
2.433739745336177193e-04
3.752015440726606506e-04
3.042174681670221491e-04
2.636551390780858626e-04
2.737957213503199342e-04
1.892908690817026796e-04
2.332333922613836477e-04
3.447797972559584357e-04
6.084349363340442983e-05
5.408310545191504512e-04
4.428054258875544435e-04
2.163324218076601859e-04
4.056232908893628655e-04
4.630865904320225867e-04
2.771759154410646428e-04
8.450485226861726817e-05
6.760388181489380810e-06
2.061918395354261143e-04
1.723898986279792179e-04
1.149265990853194831e-04
3.819619322541500136e-04
2.061918395354261143e-04
2.771759154410646428e-04
2.704155272595752256e-04
4.732271727042566990e-05
3.075976622577668578e-04
3.346392149837243641e-04
3.042174681670221491e-04
3.380194090744690727e-04
9.464543454085133981e-05
6.760388181489380810e-06
1.892908690817026796e-04
2.839363036225540059e-04
1.994314513539367513e-04
3.380194090744690320e-05
1.554889281742557561e-04
3.785817381634053592e-04
2.197126158984048945e-04
2.839363036225540059e-04
3.312590208929796554e-04
2.873164977132987145e-04
4.056232908893628655e-04
4.597063963412779323e-04
1.622493163557451462e-04
4.259044554338310088e-04
2.264730040798942576e-04
2.906966918040433689e-04
2.264730040798942576e-04
3.819619322541500136e-04
2.501343627151070823e-04
3.684411558911712876e-04
2.298531981706389662e-04
3.853421263448947223e-04
2.940768858947880775e-04
3.549203795281925073e-04
2.028116454446814328e-04
3.109778563485115122e-04
3.853421263448947223e-04
4.630865904320225867e-04
2.163324218076601859e-04
2.197126158984048945e-04
4.191440672523416458e-04
3.819619322541500136e-04
2.535145568058517910e-04
1.250671813575535412e-04
4.495658140690438607e-04
2.129522277169155044e-04
3.819619322541500136e-04
1.183067931760641646e-04
2.602749449873411540e-04
3.346392149837243641e-04
3.042174681670221491e-05
4.022430967986181569e-04
4.563262022505332237e-04
1.588691222650004647e-04
5.408310545191504648e-05
3.177382445300009294e-04
2.399937804428730378e-04
1.892908690817026796e-04
3.177382445300009294e-04
1.014058227223407164e-04
1.149265990853194831e-04
1.622493163557451462e-04
1.419681518112770029e-04
2.737957213503199342e-04
2.467541686243624279e-04
2.906966918040433689e-04
2.298531981706389662e-04
1.183067931760641646e-04
2.467541686243624279e-04
4.394252317968097891e-04
4.292846495245757174e-04
3.211184386207455838e-04
4.056232908893628655e-04
2.873164977132987145e-04
1.892908690817026796e-04
1.690097045372345160e-05
3.447797972559584357e-04
4.056232908893628655e-05
1.318275695390429313e-04
1.554889281742557561e-04
2.839363036225540059e-04
1.994314513539367513e-04
2.197126158984048945e-04
3.008372740762774405e-04
1.926710631724473611e-04
2.568947508965964996e-04
4.259044554338310088e-04
3.380194090744690727e-04
2.568947508965964996e-04
3.109778563485115122e-04
3.312590208929796554e-04
2.366135863521283292e-04
3.853421263448947223e-04
2.028116454446814328e-04
1.149265990853194831e-04
1.183067931760641646e-04
2.028116454446814328e-04
3.380194090744690320e-05
2.366135863521283292e-04
1.791502868094686080e-04
2.940768858947880775e-04
4.225242613430863002e-04
1.656295104464898277e-04
3.042174681670221491e-04
2.061918395354261143e-04
2.028116454446814328e-05
1.892908690817026796e-04
2.298531981706389662e-04
1.047860168130854114e-04
1.892908690817026796e-04
2.366135863521283292e-04
2.197126158984048945e-04
3.346392149837243641e-04
2.704155272595752256e-04
3.785817381634053592e-04
2.670353331688305712e-04
2.366135863521283495e-05
2.264730040798942576e-04
3.752015440726606506e-04
2.906966918040433689e-04
2.670353331688305712e-04
2.906966918040433689e-04
2.095720336261708229e-04
2.298531981706389662e-04
3.109778563485115122e-04
2.501343627151070823e-04
2.704155272595752256e-04
1.183067931760641646e-04
3.887223204356394309e-04
1.960512572631920426e-04
3.853421263448947223e-04
3.380194090744690727e-04
2.230928099891495760e-04
8.788504635936194968e-05
1.149265990853194831e-04
2.737957213503199342e-04
8.450485226861726817e-05
1.318275695390429313e-04
1.791502868094686080e-04
3.515401854374477987e-04
2.163324218076601859e-04
7.774446408712787804e-05
8.788504635936194968e-05
3.109778563485115122e-04
1.521087340835110746e-04
3.244986327114902924e-04
1.250671813575535412e-04
3.921025145263840853e-04
3.887223204356394309e-04
3.380194090744690320e-05
1.284473754482982498e-04
2.366135863521283292e-04
6.760388181489380810e-06
4.732271727042566990e-05
1.284473754482982498e-04
3.177382445300009294e-04
2.771759154410646428e-04
1.892908690817026796e-04
3.042174681670221491e-04
2.433739745336177193e-04
2.535145568058517910e-04
2.129522277169155044e-04
2.399937804428730378e-04
2.974570799855327861e-04
2.163324218076601859e-04
1.791502868094686080e-04
2.839363036225540059e-04
2.399937804428730378e-04
7.774446408712787804e-05
2.163324218076601859e-04
1.115464049945747880e-04
2.535145568058517910e-04
2.602749449873411540e-04
9.802562863159602132e-05
2.602749449873411540e-04
5.408310545191504648e-05
1.757700927187238994e-04
7.774446408712787804e-05
2.467541686243624279e-04
1.250671813575535412e-04
7.774446408712787804e-05
1.926710631724473611e-04
2.433739745336177193e-04
2.940768858947880775e-04
3.650609618004265790e-04
1.656295104464898277e-04
2.467541686243624279e-04
2.535145568058517910e-04
1.588691222650004647e-04
1.757700927187238994e-04
2.366135863521283292e-04
1.791502868094686080e-04
1.081662109038300930e-04
3.380194090744690727e-04
2.940768858947880775e-04
2.568947508965964996e-04
2.704155272595752256e-04
1.115464049945747880e-04
2.771759154410646428e-04
2.061918395354261143e-04
3.684411558911712876e-04
6.760388181489380810e-06
1.892908690817026796e-04
3.244986327114902924e-04
1.554889281742557561e-04
3.819619322541500136e-04
2.197126158984048945e-04
1.554889281742557561e-04
2.704155272595752256e-04
3.278788268022350010e-04
1.994314513539367513e-04
3.008372740762774405e-04
2.366135863521283292e-04
2.974570799855327861e-04
1.385879577205323214e-04
1.960512572631920426e-04
1.757700927187238994e-04
2.129522277169155044e-04
1.352077636297876128e-04
1.656295104464898277e-04
2.737957213503199342e-04
1.352077636297876162e-05
3.312590208929796554e-04
2.095720336261708229e-04
2.129522277169155044e-04
3.380194090744690727e-04
3.481599913467031443e-04
1.554889281742557561e-04
8.788504635936194968e-05
3.583005736189372160e-04
2.940768858947880775e-04
1.352077636297876128e-04
1.521087340835110746e-04
1.791502868094686080e-04
3.718213499819159420e-04
2.670353331688305712e-04
1.994314513539367513e-04
1.487285399927663931e-04
2.636551390780858626e-04
2.197126158984048945e-04
9.126524045010664474e-05
1.419681518112770029e-04
3.143580504392562208e-04
3.380194090744690727e-04
1.352077636297876128e-04
4.394252317968097484e-05
2.163324218076601859e-04
2.298531981706389662e-04
1.081662109038300930e-04
3.042174681670221491e-04
3.447797972559584357e-04
4.157638731615969372e-04
1.622493163557451462e-04
3.042174681670221491e-04
1.791502868094686080e-04
2.839363036225540059e-04
1.690097045372345160e-05
9.126524045010664474e-05
1.892908690817026796e-04
2.771759154410646428e-04
2.095720336261708229e-04
2.163324218076601859e-04
2.061918395354261143e-04
3.109778563485115122e-04
3.481599913467031443e-04
3.380194090744690405e-06
3.380194090744690727e-04
2.264730040798942576e-04
2.670353331688305712e-04
2.230928099891495760e-04
2.095720336261708229e-04
1.453483459020216844e-04
1.487285399927663931e-04
2.636551390780858626e-04
2.906966918040433689e-04
8.450485226861726817e-05
3.752015440726606506e-04
3.380194090744690405e-06
3.008372740762774405e-04
2.467541686243624279e-04
1.453483459020216844e-04
2.298531981706389662e-04
2.366135863521283292e-04
3.718213499819159827e-05
1.115464049945747880e-04
2.332333922613836477e-04
7.774446408712787804e-05
1.892908690817026796e-04
2.264730040798942576e-04
2.535145568058517910e-04
3.380194090744690405e-06
2.670353331688305712e-04
1.791502868094686080e-04
1.723898986279792179e-04
2.704155272595752324e-05
2.129522277169155044e-04
2.095720336261708229e-04
7.436426999638319653e-05
1.690097045372345160e-05
2.839363036225540059e-04
2.028116454446814328e-04
2.366135863521283495e-05
1.352077636297876128e-04
7.098407590563850147e-05
2.568947508965964996e-04
2.332333922613836477e-04
2.568947508965964996e-04
2.366135863521283292e-04
2.906966918040433689e-04
1.216869872668088597e-04
2.974570799855327861e-04
2.298531981706389662e-04
1.385879577205323214e-04
1.791502868094686080e-04
3.075976622577668578e-04
1.149265990853194831e-04
2.264730040798942576e-04
1.690097045372345160e-05
2.129522277169155044e-04
1.656295104464898277e-04
2.028116454446814328e-04
1.859106749909579710e-04
3.008372740762774405e-04
1.115464049945747880e-04
3.481599913467031443e-04
1.926710631724473611e-04
2.061918395354261143e-04
1.994314513539367513e-04
2.704155272595752324e-05
2.636551390780858626e-04
3.752015440726606506e-04
2.332333922613836477e-04
2.095720336261708229e-04
2.568947508965964996e-04
2.906966918040433689e-04
1.757700927187238994e-04
2.940768858947880775e-04
1.859106749909579710e-04
2.873164977132987145e-04
2.366135863521283292e-04
2.230928099891495760e-04
2.061918395354261143e-04
2.805561095318092973e-04
1.994314513539367513e-04
1.892908690817026796e-04
2.061918395354261143e-04
9.464543454085133981e-05
1.588691222650004647e-04
2.670353331688305712e-04
2.332333922613836477e-04
3.380194090744690405e-06
2.163324218076601859e-04
1.183067931760641646e-04
1.791502868094686080e-04
9.802562863159602132e-05
6.760388181489380640e-05
2.602749449873411540e-04
1.723898986279792179e-04
6.084349363340442983e-05
3.143580504392562208e-04
2.906966918040433689e-04
1.453483459020216844e-04
8.450485226861726817e-05
3.380194090744690405e-06
2.163324218076601859e-04
2.366135863521283292e-04
3.008372740762774405e-04
2.501343627151070823e-04
1.994314513539367513e-04
2.501343627151070823e-04
1.757700927187238994e-04
2.028116454446814328e-04
3.008372740762774405e-04
1.487285399927663931e-04
1.723898986279792179e-04
1.723898986279792179e-04
7.774446408712787804e-05
1.014058227223407164e-04
1.216869872668088597e-04
2.974570799855327861e-04
1.723898986279792179e-04
8.788504635936194968e-05
3.718213499819159827e-05
2.568947508965964996e-04
2.230928099891495760e-04
2.399937804428730378e-04
3.143580504392562208e-04
1.521087340835110746e-04
1.656295104464898277e-04
2.602749449873411540e-04
7.436426999638319653e-05
3.380194090744690405e-06
9.126524045010664474e-05
1.960512572631920426e-04
2.163324218076601859e-04
2.163324218076601859e-04
3.481599913467031443e-04
9.802562863159602132e-05
9.802562863159602132e-05
2.501343627151070823e-04
2.805561095318092973e-04
2.061918395354261143e-04
1.859106749909579710e-04
2.163324218076601859e-04
2.873164977132987145e-04
8.788504635936194968e-05
2.602749449873411540e-04
2.332333922613836477e-04
2.602749449873411540e-04
1.453483459020216844e-04
2.230928099891495760e-04
2.602749449873411540e-04
6.084349363340442983e-05
2.873164977132987145e-04
1.690097045372345363e-04
1.859106749909579710e-04
1.926710631724473611e-04
1.419681518112770029e-04
2.028116454446814328e-04
1.318275695390429313e-04
2.602749449873411540e-04
2.399937804428730378e-04
2.737957213503199342e-04
5.408310545191504648e-05
1.487285399927663931e-04
1.892908690817026796e-04
1.250671813575535412e-04
2.433739745336177193e-04
2.332333922613836477e-04
2.332333922613836477e-04
1.622493163557451462e-04
2.636551390780858626e-04
1.385879577205323214e-04
3.042174681670221491e-04
8.788504635936194968e-05
2.230928099891495760e-04
1.047860168130854114e-04
1.926710631724473611e-04
5.746329954265974154e-05
2.298531981706389662e-04
2.636551390780858626e-04
2.771759154410646428e-04
1.149265990853194831e-04
1.521087340835110746e-04
2.028116454446814328e-04
1.791502868094686080e-04
9.126524045010664474e-05
2.332333922613836477e-04
2.805561095318092973e-04
2.061918395354261143e-04
1.115464049945747880e-04
1.926710631724473611e-04
5.746329954265974154e-05
2.163324218076601859e-04
1.892908690817026796e-04
2.366135863521283495e-05
7.436426999638319653e-05
1.014058227223407164e-04
6.422368772414912489e-05
1.926710631724473611e-04
7.098407590563850147e-05
1.892908690817026796e-04
1.115464049945747880e-04
2.028116454446814328e-05
2.636551390780858626e-04
9.464543454085133981e-05
1.453483459020216844e-04
5.408310545191504648e-05
1.014058227223407164e-04
2.129522277169155044e-04
2.264730040798942576e-04
1.149265990853194831e-04
1.284473754482982498e-04
1.216869872668088597e-04
2.095720336261708229e-04
7.098407590563850147e-05
1.385879577205323214e-04
1.385879577205323214e-04
4.394252317968097484e-05
1.521087340835110746e-04
2.568947508965964996e-04
1.791502868094686080e-04
1.588691222650004647e-04
2.095720336261708229e-04
2.737957213503199342e-04
2.602749449873411540e-04
3.380194090744690405e-06
2.061918395354261143e-04
1.115464049945747880e-04
1.994314513539367513e-04
2.298531981706389662e-04
5.746329954265974154e-05
6.084349363340442983e-05
3.042174681670221491e-04
1.690097045372345363e-04
2.568947508965964996e-04
1.622493163557451462e-04
2.737957213503199342e-04
2.568947508965964996e-04
1.791502868094686080e-04
2.399937804428730378e-04
1.487285399927663931e-04
1.149265990853194831e-04
2.839363036225540059e-04
1.859106749909579710e-04
1.352077636297876128e-04
2.501343627151070823e-04
1.216869872668088597e-04
3.718213499819159827e-05
2.568947508965964996e-04
1.183067931760641646e-04
2.163324218076601859e-04
7.436426999638319653e-05
1.554889281742557561e-04
2.028116454446814328e-04
1.554889281742557561e-04
5.746329954265974154e-05
1.487285399927663931e-04
2.670353331688305712e-04
2.433739745336177193e-04
5.070291136117035819e-05
1.115464049945747880e-04
1.047860168130854114e-04
2.737957213503199342e-04
3.008372740762774405e-04
2.467541686243624279e-04
1.554889281742557561e-04
1.487285399927663931e-04
2.332333922613836477e-04
1.352077636297876128e-04
3.380194090744690405e-06
1.859106749909579710e-04
1.926710631724473611e-04
2.974570799855327861e-04
1.487285399927663931e-04
2.704155272595752324e-05
2.399937804428730378e-04
6.422368772414912489e-05
2.197126158984048945e-04
2.399937804428730378e-04
1.926710631724473611e-04
2.602749449873411540e-04
1.588691222650004647e-04
1.825304809002132895e-04
2.636551390780858626e-04
2.264730040798942576e-04
1.960512572631920426e-04
8.112465817787257311e-05
4.056232908893628655e-05
2.095720336261708229e-04
5.408310545191504648e-05
5.746329954265974154e-05
1.385879577205323214e-04
1.960512572631920426e-04
1.521087340835110746e-04
1.081662109038300930e-04
1.385879577205323214e-04
2.535145568058517910e-04
1.757700927187238994e-04
1.419681518112770029e-04
1.622493163557451462e-04
2.501343627151070823e-04
8.112465817787257311e-05
2.095720336261708229e-04
1.453483459020216844e-04
2.163324218076601859e-04
2.163324218076601859e-04
1.723898986279792179e-04
1.149265990853194831e-04
2.264730040798942576e-04
1.183067931760641646e-04
2.399937804428730378e-04
5.746329954265974154e-05
1.791502868094686080e-04
1.081662109038300930e-04
2.163324218076601859e-04
2.366135863521283292e-04
1.588691222650004647e-04
2.501343627151070823e-04
4.732271727042566990e-05
2.906966918040433689e-04
2.906966918040433689e-04
7.436426999638319653e-05
2.028116454446814328e-04
1.656295104464898277e-04
1.994314513539367513e-04
3.042174681670221491e-05
2.704155272595752324e-05
1.791502868094686080e-04
1.757700927187238994e-04
2.028116454446814328e-04
2.298531981706389662e-04
1.656295104464898277e-04
2.602749449873411540e-04
8.450485226861726817e-05
1.149265990853194831e-04
7.436426999638319653e-05
1.250671813575535412e-04
1.892908690817026796e-04
5.408310545191504648e-05
1.250671813575535412e-04
1.723898986279792179e-04
1.521087340835110746e-04
1.960512572631920426e-04
2.636551390780858626e-04
2.230928099891495760e-04
1.588691222650004647e-04
2.028116454446814328e-04
7.098407590563850147e-05
9.464543454085133981e-05
2.028116454446814328e-04
2.163324218076601859e-04
2.568947508965964996e-04
2.298531981706389662e-04
1.250671813575535412e-04
1.757700927187238994e-04
1.757700927187238994e-04
1.892908690817026796e-04
1.014058227223407164e-05
2.095720336261708229e-04
7.774446408712787804e-05
2.129522277169155044e-04
1.690097045372345160e-05
2.535145568058517910e-04
2.028116454446814328e-05
1.081662109038300930e-04
5.408310545191504648e-05
1.757700927187238994e-04
2.467541686243624279e-04
1.690097045372345160e-05
9.126524045010664474e-05
1.453483459020216844e-04
5.070291136117035819e-05
3.380194090744690320e-05
5.746329954265974154e-05
1.859106749909579710e-04
1.352077636297876162e-05
1.487285399927663931e-04
1.047860168130854114e-04
2.568947508965964996e-04
2.129522277169155044e-04
8.112465817787257311e-05
2.332333922613836477e-04
2.230928099891495760e-04
1.723898986279792179e-04
1.622493163557451462e-04
2.230928099891495760e-04
1.284473754482982498e-04
1.859106749909579710e-04
6.422368772414912489e-05
1.960512572631920426e-04
1.892908690817026796e-04
1.622493163557451462e-04
1.284473754482982498e-04
2.467541686243624279e-04
1.656295104464898277e-04
2.129522277169155044e-04
6.760388181489380810e-06
2.399937804428730378e-04
1.757700927187238994e-04
9.126524045010664474e-05
1.825304809002132895e-04
1.690097045372345363e-04
1.859106749909579710e-04
1.859106749909579710e-04
2.230928099891495760e-04
1.385879577205323214e-04
1.656295104464898277e-04
2.095720336261708229e-04
2.805561095318092973e-04
1.723898986279792179e-04
1.453483459020216844e-04
1.453483459020216844e-04
1.419681518112770029e-04
5.408310545191504648e-05
1.216869872668088597e-04
2.197126158984048945e-04
1.825304809002132895e-04
1.453483459020216844e-04
1.014058227223407164e-05
9.126524045010664474e-05
1.149265990853194831e-04
3.042174681670221491e-05
7.098407590563850147e-05
1.115464049945747880e-04
7.774446408712787804e-05
7.436426999638319653e-05
1.994314513539367513e-04
1.960512572631920426e-04
1.622493163557451462e-04
2.264730040798942576e-04
8.788504635936194968e-05
2.230928099891495760e-04
2.230928099891495760e-04
1.014058227223407164e-05
2.501343627151070823e-04
4.732271727042566990e-05
1.690097045372345160e-05
2.197126158984048945e-04
2.704155272595752324e-05
1.926710631724473611e-04
1.115464049945747880e-04
1.149265990853194831e-04
1.994314513539367513e-04
1.352077636297876128e-04
1.419681518112770029e-04
1.757700927187238994e-04
1.656295104464898277e-04
2.230928099891495760e-04
8.788504635936194968e-05
1.960512572631920426e-04
1.352077636297876162e-05
1.487285399927663931e-04
1.656295104464898277e-04
8.788504635936194968e-05
1.352077636297876128e-04
1.250671813575535412e-04
7.098407590563850147e-05
2.028116454446814328e-04
5.408310545191504648e-05
2.298531981706389662e-04
1.554889281742557561e-04
6.084349363340442983e-05
1.960512572631920426e-04
1.115464049945747880e-04
3.042174681670221491e-05
1.690097045372345363e-04
3.042174681670221491e-05
1.216869872668088597e-04
1.825304809002132895e-04
2.366135863521283292e-04
1.216869872668088597e-04
3.718213499819159827e-05
2.061918395354261143e-04
1.453483459020216844e-04
1.081662109038300930e-04
1.385879577205323214e-04
1.352077636297876128e-04
1.960512572631920426e-04
1.318275695390429313e-04
1.622493163557451462e-04
1.014058227223407164e-04
1.622493163557451462e-04
9.464543454085133981e-05
2.298531981706389662e-04
1.690097045372345363e-04
2.366135863521283495e-05
1.081662109038300930e-04
1.859106749909579710e-04
1.690097045372345160e-05
1.926710631724473611e-04
1.892908690817026796e-04
1.690097045372345363e-04
1.825304809002132895e-04
1.994314513539367513e-04
9.464543454085133981e-05
3.380194090744690405e-06
2.298531981706389662e-04
1.487285399927663931e-04
2.332333922613836477e-04
1.453483459020216844e-04
1.352077636297876128e-04
2.061918395354261143e-04
1.385879577205323214e-04
2.230928099891495760e-04
1.216869872668088597e-04
8.112465817787257311e-05
1.723898986279792179e-04
2.704155272595752324e-05
1.385879577205323214e-04
1.453483459020216844e-04
1.994314513539367513e-04
1.352077636297876128e-04
2.095720336261708229e-04
1.352077636297876162e-05
6.760388181489380640e-05
1.554889281742557561e-04
1.690097045372345160e-05
6.760388181489380810e-06
1.825304809002132895e-04
3.718213499819159827e-05
1.149265990853194831e-04
1.014058227223407164e-05
1.014058227223407164e-04
1.487285399927663931e-04
1.656295104464898277e-04
2.332333922613836477e-04
1.791502868094686080e-04
1.453483459020216844e-04
1.960512572631920426e-04
9.802562863159602132e-05
1.723898986279792179e-04
1.825304809002132895e-04
2.028116454446814328e-04
3.380194090744690320e-05
1.453483459020216844e-04
2.028116454446814328e-05
2.028116454446814328e-05
2.028116454446814328e-04
1.352077636297876128e-04
7.098407590563850147e-05
1.690097045372345160e-05
5.070291136117035819e-05
2.197126158984048945e-04
8.788504635936194968e-05
1.690097045372345160e-05
3.380194090744690405e-06
1.453483459020216844e-04
1.757700927187238994e-04
1.047860168130854114e-04
1.656295104464898277e-04
5.070291136117035819e-05
1.318275695390429313e-04
1.318275695390429313e-04
1.554889281742557561e-04
1.014058227223407164e-05
2.366135863521283495e-05
2.095720336261708229e-04
1.588691222650004647e-04
1.757700927187238994e-04
2.366135863521283495e-05
7.774446408712787804e-05
5.070291136117035819e-05
1.656295104464898277e-04
4.732271727042566990e-05
7.436426999638319653e-05
1.825304809002132895e-04
1.216869872668088597e-04
1.149265990853194831e-04
1.081662109038300930e-04
1.385879577205323214e-04
1.183067931760641646e-04
1.926710631724473611e-04
1.047860168130854114e-04
2.028116454446814328e-05
1.960512572631920426e-04
1.149265990853194831e-04
5.746329954265974154e-05
1.081662109038300930e-04
1.352077636297876128e-04
5.746329954265974154e-05
2.129522277169155044e-04
1.521087340835110746e-04
3.380194090744690405e-06
1.656295104464898277e-04
1.419681518112770029e-04
1.250671813575535412e-04
1.791502868094686080e-04
2.704155272595752324e-05
6.760388181489380810e-06
1.690097045372345363e-04
2.366135863521283495e-05
3.042174681670221491e-05
2.061918395354261143e-04
1.994314513539367513e-04
1.994314513539367513e-04
1.825304809002132895e-04
1.487285399927663931e-04
1.183067931760641646e-04
1.284473754482982498e-04
5.746329954265974154e-05
2.028116454446814328e-05
1.656295104464898277e-04
1.183067931760641646e-04
1.014058227223407164e-04
1.352077636297876128e-04
9.126524045010664474e-05
1.690097045372345363e-04
1.487285399927663931e-04
1.419681518112770029e-04
1.554889281742557561e-04
2.163324218076601859e-04
1.825304809002132895e-04
1.892908690817026796e-04
9.802562863159602132e-05
1.250671813575535412e-04
1.250671813575535412e-04
1.690097045372345160e-05
1.554889281742557561e-04
1.352077636297876162e-05
1.588691222650004647e-04
2.366135863521283495e-05
1.723898986279792179e-04
7.774446408712787804e-05
1.723898986279792179e-04
1.791502868094686080e-04
9.464543454085133981e-05
2.028116454446814328e-04
1.149265990853194831e-04
1.521087340835110746e-04
1.081662109038300930e-04
1.554889281742557561e-04
2.129522277169155044e-04
1.554889281742557561e-04
1.757700927187238994e-04
1.453483459020216844e-04
1.892908690817026796e-04
1.318275695390429313e-04
1.791502868094686080e-04
1.487285399927663931e-04
3.380194090744690320e-05
1.690097045372345363e-04
1.216869872668088597e-04
7.436426999638319653e-05
1.859106749909579710e-04
1.453483459020216844e-04
7.098407590563850147e-05
8.788504635936194968e-05
1.014058227223407164e-04
4.732271727042566990e-05
1.656295104464898277e-04
6.422368772414912489e-05
2.264730040798942576e-04
1.892908690817026796e-04
1.892908690817026796e-04
2.197126158984048945e-04
9.802562863159602132e-05
1.385879577205323214e-04
1.960512572631920426e-04
4.056232908893628655e-05
1.149265990853194831e-04
1.014058227223407164e-04
3.380194090744690405e-06
1.757700927187238994e-04
1.960512572631920426e-04
1.554889281742557561e-04
1.352077636297876128e-04
1.047860168130854114e-04
6.760388181489380640e-05
6.084349363340442983e-05
1.183067931760641646e-04
1.183067931760641646e-04
4.732271727042566990e-05
1.622493163557451462e-04
7.774446408712787804e-05
6.422368772414912489e-05
1.892908690817026796e-04
1.757700927187238994e-04
8.788504635936194968e-05
9.802562863159602132e-05
1.081662109038300930e-04
2.366135863521283495e-05
1.216869872668088597e-04
1.081662109038300930e-04
2.028116454446814328e-04
1.047860168130854114e-04
6.760388181489380810e-06
1.690097045372345363e-04
1.487285399927663931e-04
1.352077636297876128e-04
1.183067931760641646e-04
1.183067931760641646e-04
1.960512572631920426e-04
1.791502868094686080e-04
9.802562863159602132e-05
1.960512572631920426e-04
1.892908690817026796e-04
1.487285399927663931e-04
1.723898986279792179e-04
1.115464049945747880e-04
7.774446408712787804e-05
1.419681518112770029e-04
1.419681518112770029e-04
1.757700927187238994e-04
1.115464049945747880e-04
5.070291136117035819e-05
6.760388181489380640e-05
1.723898986279792179e-04
1.385879577205323214e-04
1.622493163557451462e-04
1.960512572631920426e-04
6.760388181489380640e-05
1.757700927187238994e-04
1.487285399927663931e-04
9.802562863159602132e-05
1.183067931760641646e-04
1.892908690817026796e-04
1.554889281742557561e-04
1.081662109038300930e-04
6.422368772414912489e-05
1.892908690817026796e-04
2.095720336261708229e-04
1.690097045372345363e-04
1.352077636297876162e-05
4.732271727042566990e-05
5.408310545191504648e-05
1.352077636297876128e-04
2.028116454446814328e-05
1.250671813575535412e-04
1.723898986279792179e-04
6.760388181489380640e-05
1.622493163557451462e-04
3.380194090744690405e-06
1.994314513539367513e-04
1.926710631724473611e-04
1.149265990853194831e-04
1.825304809002132895e-04
1.588691222650004647e-04
7.774446408712787804e-05
1.554889281742557561e-04
1.757700927187238994e-04
1.081662109038300930e-04
1.994314513539367513e-04
1.250671813575535412e-04
2.366135863521283495e-05
9.464543454085133981e-05
3.380194090744690405e-06
1.216869872668088597e-04
1.284473754482982498e-04
1.081662109038300930e-04
6.084349363340442983e-05
7.774446408712787804e-05
1.419681518112770029e-04
6.760388181489380640e-05
1.419681518112770029e-04
3.380194090744690405e-06
1.487285399927663931e-04
1.318275695390429313e-04
1.588691222650004647e-04
1.385879577205323214e-04
6.084349363340442983e-05
4.732271727042566990e-05
1.183067931760641646e-04
8.112465817787257311e-05
1.419681518112770029e-04
1.216869872668088597e-04
1.791502868094686080e-04
1.622493163557451462e-04
9.464543454085133981e-05
1.892908690817026796e-04
4.394252317968097484e-05
1.487285399927663931e-04
1.723898986279792179e-04
1.183067931760641646e-04
1.994314513539367513e-04
2.366135863521283495e-05
9.802562863159602132e-05
1.791502868094686080e-04
4.732271727042566990e-05
1.859106749909579710e-04
9.802562863159602132e-05
3.380194090744690320e-05
6.084349363340442983e-05
1.892908690817026796e-04
1.284473754482982498e-04
2.095720336261708229e-04
1.521087340835110746e-04
2.704155272595752324e-05
9.802562863159602132e-05
1.081662109038300930e-04
1.656295104464898277e-04
9.464543454085133981e-05
1.554889281742557561e-04
4.394252317968097484e-05
1.825304809002132895e-04
1.960512572631920426e-04
1.318275695390429313e-04
1.149265990853194831e-04
1.554889281742557561e-04
3.380194090744690320e-05
1.250671813575535412e-04
1.216869872668088597e-04
6.422368772414912489e-05
1.115464049945747880e-04
6.422368772414912489e-05
1.757700927187238994e-04
1.554889281742557561e-04
1.487285399927663931e-04
4.056232908893628655e-05
1.385879577205323214e-04
2.366135863521283495e-05
6.084349363340442983e-05
1.385879577205323214e-04
1.352077636297876128e-04
1.521087340835110746e-04
1.859106749909579710e-04
1.149265990853194831e-04
6.084349363340442983e-05
1.892908690817026796e-04
7.774446408712787804e-05
3.380194090744690405e-06
2.366135863521283495e-05
1.014058227223407164e-04
1.250671813575535412e-04
3.380194090744690320e-05
1.453483459020216844e-04
4.056232908893628655e-05
5.070291136117035819e-05
9.464543454085133981e-05
1.250671813575535412e-04
1.081662109038300930e-04
1.723898986279792179e-04
2.366135863521283495e-05
7.774446408712787804e-05
3.380194090744690405e-06
1.453483459020216844e-04
9.802562863159602132e-05
1.216869872668088597e-04
2.028116454446814328e-05
1.723898986279792179e-04
1.690097045372345363e-04
8.112465817787257311e-05
7.098407590563850147e-05
5.070291136117035819e-05
1.419681518112770029e-04
9.802562863159602132e-05
1.318275695390429313e-04
1.453483459020216844e-04
8.112465817787257311e-05
1.690097045372345363e-04
5.070291136117035819e-05
1.487285399927663931e-04
1.892908690817026796e-04
1.284473754482982498e-04
1.352077636297876128e-04
1.723898986279792179e-04
7.774446408712787804e-05
8.788504635936194968e-05
1.588691222650004647e-04
1.216869872668088597e-04
1.216869872668088597e-04
1.622493163557451462e-04
1.284473754482982498e-04
1.250671813575535412e-04
2.028116454446814328e-05
1.385879577205323214e-04
1.588691222650004647e-04
1.588691222650004647e-04
1.250671813575535412e-04
1.047860168130854114e-04
1.385879577205323214e-04
9.802562863159602132e-05
8.450485226861726817e-05
1.216869872668088597e-04
9.802562863159602132e-05
1.352077636297876128e-04
1.453483459020216844e-04
6.760388181489380810e-06
6.084349363340442983e-05
2.028116454446814328e-05
1.385879577205323214e-04
1.656295104464898277e-04
1.757700927187238994e-04
5.408310545191504648e-05
1.385879577205323214e-04
6.084349363340442983e-05
2.028116454446814328e-05
2.028116454446814328e-05
9.464543454085133981e-05
3.718213499819159827e-05
5.070291136117035819e-05
8.450485226861726817e-05
1.250671813575535412e-04
1.521087340835110746e-04
7.774446408712787804e-05
1.588691222650004647e-04
1.352077636297876128e-04
1.723898986279792179e-04
1.284473754482982498e-04
2.028116454446814328e-05
1.047860168130854114e-04
9.126524045010664474e-05
3.042174681670221491e-05
1.284473754482982498e-04
7.436426999638319653e-05
1.588691222650004647e-04
7.098407590563850147e-05
1.352077636297876128e-04
8.112465817787257311e-05
1.419681518112770029e-04
1.419681518112770029e-04
1.690097045372345160e-05
1.588691222650004647e-04
1.622493163557451462e-04
1.250671813575535412e-04
1.014058227223407164e-05
1.115464049945747880e-04
9.126524045010664474e-05
6.422368772414912489e-05
1.250671813575535412e-04
1.656295104464898277e-04
7.436426999638319653e-05
1.014058227223407164e-04
1.216869872668088597e-04
3.380194090744690405e-06
8.450485226861726817e-05
9.802562863159602132e-05
1.690097045372345363e-04
3.380194090744690320e-05
1.047860168130854114e-04
6.084349363340442983e-05
1.825304809002132895e-04
6.422368772414912489e-05
1.723898986279792179e-04
1.081662109038300930e-04
3.380194090744690405e-06
1.183067931760641646e-04
1.250671813575535412e-04
9.464543454085133981e-05
3.380194090744690405e-06
5.070291136117035819e-05
1.690097045372345363e-04
1.960512572631920426e-04
1.656295104464898277e-04
1.385879577205323214e-04
6.760388181489380640e-05
9.802562863159602132e-05
1.014058227223407164e-04
4.056232908893628655e-05
6.760388181489380640e-05
1.352077636297876128e-04
1.183067931760641646e-04
1.352077636297876128e-04
4.732271727042566990e-05
1.149265990853194831e-04
1.453483459020216844e-04
8.112465817787257311e-05
7.774446408712787804e-05
4.056232908893628655e-05
1.453483459020216844e-04
1.318275695390429313e-04
1.352077636297876128e-04
7.774446408712787804e-05
6.084349363340442983e-05
8.788504635936194968e-05
1.014058227223407164e-04
2.028116454446814328e-05
6.760388181489380640e-05
1.284473754482982498e-04
5.070291136117035819e-05
7.774446408712787804e-05
1.757700927187238994e-04
1.149265990853194831e-04
1.453483459020216844e-04
1.081662109038300930e-04
1.588691222650004647e-04
3.380194090744690320e-05
1.149265990853194831e-04
1.521087340835110746e-04
1.284473754482982498e-04
1.723898986279792179e-04
1.216869872668088597e-04
1.284473754482982498e-04
1.385879577205323214e-04
8.112465817787257311e-05
1.250671813575535412e-04
1.284473754482982498e-04
2.704155272595752324e-05
1.487285399927663931e-04
1.250671813575535412e-04
1.588691222650004647e-04
9.464543454085133981e-05
1.216869872668088597e-04
1.318275695390429313e-04
9.802562863159602132e-05
1.216869872668088597e-04
5.070291136117035819e-05
1.554889281742557561e-04
8.450485226861726817e-05
1.622493163557451462e-04
1.318275695390429313e-04
3.380194090744690405e-06
1.352077636297876162e-05
7.774446408712787804e-05
1.250671813575535412e-04
8.112465817787257311e-05
3.042174681670221491e-05
1.149265990853194831e-04
3.380194090744690320e-05
1.284473754482982498e-04
3.718213499819159827e-05
1.014058227223407164e-04
1.521087340835110746e-04
2.028116454446814328e-05
1.250671813575535412e-04
4.056232908893628655e-05
2.704155272595752324e-05
1.149265990853194831e-04
5.746329954265974154e-05
1.047860168130854114e-04
1.352077636297876128e-04
4.394252317968097484e-05
1.216869872668088597e-04
8.450485226861726817e-05
1.081662109038300930e-04
7.436426999638319653e-05
1.115464049945747880e-04
1.352077636297876162e-05
2.028116454446814328e-05
9.126524045010664474e-05
1.115464049945747880e-04
3.380194090744690320e-05
1.622493163557451462e-04
1.622493163557451462e-04
1.149265990853194831e-04
1.014058227223407164e-04
1.352077636297876128e-04
5.408310545191504648e-05
8.788504635936194968e-05
1.554889281742557561e-04
1.047860168130854114e-04
5.408310545191504648e-05
1.250671813575535412e-04
6.760388181489380640e-05
1.453483459020216844e-04
7.436426999638319653e-05
1.047860168130854114e-04
4.732271727042566990e-05
1.183067931760641646e-04
9.802562863159602132e-05
5.070291136117035819e-05
9.802562863159602132e-05
8.450485226861726817e-05
6.760388181489380810e-06
2.366135863521283495e-05
1.318275695390429313e-04
1.521087340835110746e-04
9.464543454085133981e-05
9.126524045010664474e-05
8.112465817787257311e-05
1.183067931760641646e-04
5.746329954265974154e-05
8.450485226861726817e-05
1.656295104464898277e-04
1.149265990853194831e-04
1.149265990853194831e-04
1.149265990853194831e-04
3.042174681670221491e-05
1.047860168130854114e-04
1.250671813575535412e-04
6.084349363340442983e-05
1.081662109038300930e-04
3.380194090744690405e-06
1.014058227223407164e-04
1.183067931760641646e-04
3.380194090744690405e-06
1.352077636297876128e-04
8.450485226861726817e-05
8.112465817787257311e-05
1.385879577205323214e-04
8.788504635936194968e-05
9.126524045010664474e-05
1.115464049945747880e-04
5.070291136117035819e-05
1.216869872668088597e-04
1.081662109038300930e-04
2.366135863521283495e-05
1.588691222650004647e-04
1.284473754482982498e-04
1.149265990853194831e-04
1.183067931760641646e-04
6.760388181489380640e-05
7.098407590563850147e-05
4.056232908893628655e-05
1.487285399927663931e-04
6.422368772414912489e-05
1.183067931760641646e-04
3.380194090744690405e-06
1.149265990853194831e-04
1.047860168130854114e-04
4.394252317968097484e-05
1.419681518112770029e-04
1.250671813575535412e-04
1.047860168130854114e-04
1.521087340835110746e-04
1.521087340835110746e-04
8.788504635936194968e-05
1.453483459020216844e-04
1.183067931760641646e-04
9.464543454085133981e-05
1.385879577205323214e-04
8.788504635936194968e-05
1.284473754482982498e-04
3.380194090744690405e-06
9.464543454085133981e-05
1.385879577205323214e-04
1.250671813575535412e-04
1.318275695390429313e-04
1.250671813575535412e-04
1.250671813575535412e-04
4.056232908893628655e-05
3.042174681670221491e-05
8.788504635936194968e-05
1.149265990853194831e-04
1.487285399927663931e-04
2.366135863521283495e-05
1.014058227223407164e-04
1.385879577205323214e-04
1.352077636297876128e-04
1.318275695390429313e-04
1.554889281742557561e-04
1.352077636297876162e-05
7.436426999638319653e-05
7.774446408712787804e-05
2.028116454446814328e-05
1.081662109038300930e-04
1.047860168130854114e-04
1.419681518112770029e-04
9.802562863159602132e-05
1.419681518112770029e-04
1.385879577205323214e-04
7.098407590563850147e-05
1.487285399927663931e-04
1.014058227223407164e-04
1.318275695390429313e-04
7.098407590563850147e-05
5.408310545191504648e-05
4.732271727042566990e-05
7.774446408712787804e-05
1.183067931760641646e-04
7.436426999638319653e-05
6.422368772414912489e-05
6.760388181489380640e-05
9.802562863159602132e-05
6.760388181489380640e-05
9.126524045010664474e-05
1.419681518112770029e-04
7.436426999638319653e-05
1.183067931760641646e-04
1.385879577205323214e-04
1.352077636297876162e-05
1.115464049945747880e-04
8.112465817787257311e-05
8.450485226861726817e-05
1.014058227223407164e-05
1.656295104464898277e-04
1.352077636297876128e-04
1.284473754482982498e-04
9.802562863159602132e-05
1.554889281742557561e-04
3.718213499819159827e-05
8.450485226861726817e-05
9.126524045010664474e-05
1.149265990853194831e-04
1.284473754482982498e-04
5.746329954265974154e-05
6.760388181489380810e-06
1.183067931760641646e-04
1.183067931760641646e-04
8.112465817787257311e-05
1.250671813575535412e-04
8.788504635936194968e-05
1.047860168130854114e-04
1.047860168130854114e-04
8.112465817787257311e-05
1.047860168130854114e-04
9.464543454085133981e-05
1.183067931760641646e-04
7.436426999638319653e-05
7.774446408712787804e-05
1.183067931760641646e-04
1.385879577205323214e-04
1.318275695390429313e-04
9.464543454085133981e-05
1.014058227223407164e-04
2.028116454446814328e-05
3.380194090744690405e-06
8.788504635936194968e-05
1.352077636297876128e-04
9.464543454085133981e-05
1.216869872668088597e-04
1.115464049945747880e-04
9.464543454085133981e-05
1.453483459020216844e-04
7.436426999638319653e-05
8.788504635936194968e-05
1.149265990853194831e-04
8.112465817787257311e-05
6.760388181489380640e-05
1.284473754482982498e-04
3.380194090744690405e-06
1.183067931760641646e-04
1.352077636297876128e-04
3.380194090744690320e-05
1.149265990853194831e-04
3.380194090744690405e-06
7.774446408712787804e-05
3.380194090744690320e-05
2.028116454446814328e-05
4.732271727042566990e-05
9.126524045010664474e-05
7.098407590563850147e-05
6.084349363340442983e-05
6.760388181489380640e-05
1.014058227223407164e-05
3.380194090744690405e-06
1.690097045372345160e-05
5.408310545191504648e-05
5.408310545191504648e-05
1.081662109038300930e-04
3.380194090744690405e-06
4.732271727042566990e-05
3.380194090744690405e-06
6.760388181489380640e-05
3.042174681670221491e-05
3.042174681670221491e-05
6.084349363340442983e-05
9.464543454085133981e-05
8.450485226861726817e-05
1.081662109038300930e-04
1.115464049945747880e-04
3.718213499819159827e-05
7.774446408712787804e-05
1.216869872668088597e-04
1.318275695390429313e-04
1.352077636297876128e-04
1.284473754482982498e-04
7.436426999638319653e-05
4.394252317968097484e-05
8.788504635936194968e-05
8.788504635936194968e-05
1.453483459020216844e-04
6.422368772414912489e-05
3.718213499819159827e-05
2.366135863521283495e-05
1.183067931760641646e-04
1.115464049945747880e-04
7.098407590563850147e-05
7.774446408712787804e-05
5.746329954265974154e-05
5.408310545191504648e-05
1.352077636297876162e-05
7.774446408712787804e-05
1.014058227223407164e-04
3.380194090744690405e-06
1.690097045372345160e-05
1.014058227223407164e-05
3.380194090744690320e-05
5.746329954265974154e-05
2.028116454446814328e-05
6.760388181489380640e-05
1.081662109038300930e-04
6.760388181489380640e-05
8.112465817787257311e-05
7.436426999638319653e-05
9.126524045010664474e-05
1.014058227223407164e-04
7.098407590563850147e-05
1.047860168130854114e-04
1.352077636297876162e-05
1.250671813575535412e-04
5.408310545191504648e-05
3.380194090744690405e-06
1.183067931760641646e-04
1.385879577205323214e-04
6.422368772414912489e-05
3.718213499819159827e-05
1.149265990853194831e-04
1.115464049945747880e-04
3.380194090744690405e-06
4.394252317968097484e-05
3.380194090744690320e-05
8.112465817787257311e-05
6.084349363340442983e-05
